a0 = 37, a1 = 127,b0 = 22,b1 = 44
 total = 6537.964844 , sum[0] = 3437.745361 ,sum[1] =3044.115479 

 75 
 0  2  2  1  1  3  3  4  4  5  5  6  6  7  7  8  8  9  9  10  10  11  11  12  12  13  13  14  14  15  15  16  16  17  17  18  18  19  19  20  20  21  21  22  22  23  23  24  24  25  25  26  26  27  27  28  28  29  29  30  30  31  31  32  32  33  33  34  34  35  35  36  36  37  37  38  38  39  39  40  40  41  41  42  42  43  43  44  44  45  45  46  46  47  47  48  48  49  49  50  50  51  51  52  52  53  53  54  54  55  55  56  56  57  57  58  58  59  59  60  60  61  61  62  62  63  63  64  64  65  65  66  66  67  67  68  68  69  69  70  70  71  71  72  72  73  73  74 
 a0 = 0, a1 = 36,b0 = 0,b1 = 37
 total = 3437.745361 , sum[0] = 1660.981934 ,sum[1] =1759.158936 
 d1 = 1660.981934  d1 = 1759.158936  
 values of rec are 1660.981934 , 1759.158936  d1 = 3437.745361 
 75 
 24  21  21  23  23  72  72  33  33  58  58  32  32  57  57  26  26  59  59  25  25  71  71  60  60  70  70  64  64  7  7  65  65  6  6  55  55  63  63  54  54  1  1  56  56  0  0  49  49  27  27  34  34  44  44  22  22  43  43  9  9  11  11  8  8  10  10  29  29  38  38  28  28  37  37  18  18  40  40  17  17  39  39  52  52  62  62  12  12  61  61  3  3  42  42  2  2  41  41  20  20  67  67  5  5  66  66  19  19  4  4  51  51  16  16  50  50  15  15  69  69  14  14  53  53  13  13  36  36  48  48  35  35  74  74  73  73  68  68  45  45  31  31  46  46  30  30  47 
 a0 = 0, a1 = 36,b0 = 0,b1 = 37
 total = 3039.962158 , sum[0] = 1491.153076 ,sum[1] =1484.849243 
 d1 = 1491.153076  d1 = 1484.849243  
 values of rec are 1491.153076 , 1484.849243  d1 = 3039.962158  
 values of rec are 3437.745361 , 3039.962158 Optimal value = 6533.809570  
 70,108  108,86  86,29  29,81  81,110  110,25  25,20  20,51  51,109  109,43  43,67  67,38  38,23  23,32  32,131  131,134  134,138  138,46  46,90  90,54  54,92  92,33  33,126  126,93  93,124  124,97  97,143  143,100  100,5  5,107  107,95  95,82  82,103  103,98  98,1  1,87  87,34  34,76  76,73  73,48  48,63  63,30  30,84  84,7  7,8  8,89  89,96  96,35  35,52  52,105  105,111  111,16  16,59  59,79  79,121  121,88  88,94  94,10  10,113  113,3  3,62  62,149  149,125  125,22  22,104  104,4  4,115  115,150  150,21  21,78  78,15  15,133  133,77  77,122  122,14  14,80  80,72  72,49  49,147  147,144  144,145  145,136  136,112  112,64  64,44  44,71  71,45  45,128  128,68  68,119  119,91  91,106  106,13  13,74  74,123  123,31  31,27  27,129  129,117  117,140  140,60  60,66  66,17  17,130  130,148  148,11  11,61  61,36  36,69  69,127  127,39  39,57  57,41  41,101  101,116  116,12  12,24  24,118  118,53  53,40  40,139  139,47  47,120  120,42  42,9  9,28  28,6  6,37  37,2  2,19  19,99  99,114  114,102  102,137  137,132  132,65  65,85  85,142  142,18  18,75  75,26  26,146  146,56  56,83  83,141  141,58  58,55  55,50  50,135  135,70



____________________________________________________________________________________________________________________________________________________






a0 = 10, a1 = 94,b0 = 60,b1 = 81
 total = 6631.585938 , sum[0] = 3407.591797 ,sum[1] =3140.835693 

 75 
 0  2  2  1  1  3  3  4  4  5  5  6  6  7  7  8  8  9  9  10  10  11  11  12  12  13  13  14  14  15  15  16  16  17  17  18  18  19  19  20  20  21  21  22  22  64  64  63  63  62  62  61  61  60  60  59  59  58  58  57  57  56  56  55  55  54  54  53  53  52  52  51  51  50  50  49  49  48  48  47  47  46  46  45  45  44  44  43  43  42  42  41  41  40  40  39  39  38  38  37  37  36  36  35  35  34  34  33  33  32  32  31  31  30  30  29  29  28  28  27  27  26  26  25  25  24  24  23  23  65  65  66  66  67  67  68  68  69  69  70  70  71  71  72  72  73  73  74 
 a0 = 0, a1 = 36,b0 = 0,b1 = 37
 total = 3407.591797 , sum[0] = 1628.502930 ,sum[1] =1739.152222 
 d1 = 1628.502930  best = 1615.065186  best = 1598.008301  d1 = 1739.152222  best = 1679.351196  
 values of rec are 1628.502930 , 1739.152222  d1 = 3407.591797 
 75 
 10  50  50  35  35  55  55  74  74  12  12  20  20  45  45  36  36  37  37  9  9  25  25  4  4  24  24  3  3  16  16  2  2  15  15  69  69  73  73  70  70  54  54  63  63  53  53  14  14  59  59  13  13  58  58  23  23  62  62  49  49  40  40  65  65  39  39  46  46  67  67  30  30  66  66  29  29  34  34  68  68  33  33  8  8  6  6  5  5  7  7  52  52  28  28  51  51  42  42  57  57  1  1  64  64  0  0  32  32  61  61  21  21  17  17  22  22  18  18  38  38  11  11  19  19  72  72  41  41  26  26  60  60  27  27  56  56  71  71  43  43  47  47  44  44  48  48  31 
 a0 = 0, a1 = 36,b0 = 0,b1 = 37
 total = 3140.835693 , sum[0] = 1570.076904 ,sum[1] =1502.357666 
 d1 = 1570.076904  d1 = 1502.357666  best = 1500.000244  best = 1496.820557  
 values of rec are 1570.076904 , 1502.357666  d1 = 3140.835693  
 values of rec are 3407.591797 , 3140.835693 Optimal value = 6631.585938  
 14,80  80,133  133,15  15,78  78,21  21,64  64,112  112,136  136,145  145,72  72,49  49,147  147,144  144,129  129,27  27,31  31,123  123,74  74,13  13,106  106,91  91,119  119,68  68,128  128,45  45,71  71,44  44,115  115,150  150,4  4,104  104,22  22,125  125,149  149,62  62,3  3,113  113,10  10,94  94,88  88,121  121,79  79,59  59,16  16,111  111,105  105,52  52,124  124,97  97,143  143,100  100,5  5,107  107,95  95,82  82,34  34,103  103,98  98,1  1,87  87,76  76,73  73,48  48,63  63,30  30,84  84,7  7,8  8,89  89,96  96,35  35,93  93,126  126,33  33,92  92,54  54,134  134,138  138,46  46,90  90,83  83,56  56,146  146,26  26,75  75,18  18,142  142,85  85,65  65,132  132,137  137,102  102,114  114,99  99,19  19,2  2,37  37,6  6,28  28,9  9,42  42,120  120,47  47,110  110,81  81,29  29,86  86,108  108,70  70,135  135,50  50,55  55,58  58,141  141,25  25,20  20,51  51,109  109,43  43,12  12,24  24,53  53,40  40,139  139,118  118,127  127,69  69,36  36,61  61,11  11,148  148,130  130,17  17,66  66,60  60,140  140,117  117,41  41,57  57,39  39,101  101,116  116,67  67,38  38,23  23,32  32,131  131,77  77,122  122,14 


____________________________________________________________________________________________________________


  a0 = 46, a1 = 110,b0 = 138,b1 = 132
 total = 6592.411133 , sum[0] = 3237.002197 ,sum[1] =3223.363525 

 75 
 0  2  2  1  1  3  3  4  4  5  5  6  6  7  7  8  8  9  9  10  10  11  11  12  12  13  13  14  14  15  15  16  16  17  17  18  18  19  19  20  20  21  21  22  22  23  23  24  24  25  25  26  26  27  27  28  28  29  29  30  30  31  31  32  32  33  33  34  34  35  35  36  36  37  37  38  38  39  39  40  40  41  41  42  42  43  43  44  44  45  45  46  46  71  71  47  47  48  48  49  49  50  50  51  51  52  52  53  53  54  54  55  55  56  56  57  57  58  58  59  59  60  60  61  61  62  62  63  63  64  64  65  65  66  66  67  67  68  68  69  69  70  70  72  72  73  73  74 
 a0 = 0, a1 = 36,b0 = 0,b1 = 37
 total = 3221.929443 , sum[0] = 1605.827515 ,sum[1] =1575.845825 
 best = 1570.978516  
 values of rec are 1605.827515 , 1575.845581 
 75 
 34  41  41  8  8  23  23  7  7  22  22  57  57  30  30  48  48  6  6  47  47  5  5  17  17  54  54  16  16  53  53  46  46  35  35  43  43  33  33  42  42  32  32  55  55  31  31  21  21  29  29  20  20  28  28  73  73  12  12  65  65  11  11  63  63  13  13  52  52  18  18  51  51  71  71  61  61  40  40  60  60  39  39  74  74  25  25  27  27  24  24  26  26  10  10  62  62  9  9  70  70  0  0  67  67  4  4  66  66  64  64  45  45  15  15  44  44  1  1  49  49  19  19  50  50  68  68  2  2  69  69  3  3  36  36  58  58  37  37  59  59  38  38  72  72  56  56  14 
 a0 = 0, a1 = 36,b0 = 0,b1 = 37
 total = 3223.363525 , sum[0] = 1693.176147 ,sum[1] =1502.650879 
 
 values of rec are 1693.176147 , 1502.650879  
 values of rec are 3221.929443 , 3223.363525 Optimal value = 6572.471191  
 49,147  147,144  144,129  129,27  27,31  31,123  123,74  74,13  13,106  106,91  91,119  119,68  68,128  128,45  45,71  71,44  44,115  115,150  150,4  4,104  104,22  22,125  125,149  149,62  62,3  3,113  113,10  10,94  94,88  88,121  121,79  79,59  59,16  16,133  133,111  111,105  105,52  52,35  35,96  96,89  89,8  8,7  7,84  84,30  30,63  63,48  48,73  73,76  76,34  34,87  87,1  1,98  98,103  103,82  82,95  95,107  107,5  5,100  100,143  143,97  97,124  124,93  93,126  126,33  33,92  92,54  54,90  90,46  46,138  138,134  134,43  43,109  109,51  51,20  20,25  25,110  110,81  81,29  29,86  86,108  108,70  70,135  135,50  50,55  55,58  58,141  141,83  83,56  56,146  146,26  26,75  75,18  18,142  142,85  85,65  65,132  132,137  137,102  102,114  114,99  99,19  19,2  2,37  37,6  6,28  28,9  9,42  42,120  120,47  47,139  139,40  40,53  53,12  12,24  24,118  118,127  127,69  69,36  36,61  61,11  11,148  148,130  130,17  17,66  66,60  60,140  140,117  117,41  41,57  57,39  39,101  101,116  116,67  67,38  38,23  23,32  32,131  131,77  77,122  122,14  14,80  80,15  15,78  78,21  21,64  64,112  112,136  136,145  145,72  72,49

___________________________________________________________________________________________________________________________



  a0 = 78, a1 = 46,b0 = 120,b1 = 138
 total = 6570.335449 , sum[0] = 3151.861816 ,sum[1] =3318.511475 

 75 
 0  2  2  1  1  3  3  4  4  5  5  6  6  30  30  31  31  32  32  33  33  34  34  37  37  36  36  35  35  40  40  39  39  41  41  42  42  43  43  44  44  45  45  46  46  47  47  48  48  49  49  50  50  51  51  52  52  53  53  54  54  55  55  7  7  8  8  9  9  10  10  11  11  12  12  13  13  14  14  15  15  16  16  18  18  19  19  20  20  21  21  22  22  23  23  24  24  25  25  26  26  27  27  28  28  29  29  17  17  57  57  58  58  59  59  60  60  61  61  62  62  63  63  64  64  65  65  66  66  67  67  68  68  69  69  70  70  71  71  72  72  73  73  38  38  56  56  74 
 a0 = 0, a1 = 36,b0 = 0,b1 = 37
 total = 3151.861816 , sum[0] = 1641.903198 ,sum[1] =1480.520630 
 
 values of rec are 1505.057983 , 1480.520630 
 75 
 64  67  67  4  4  66  66  1  1  50  50  0  0  49  49  18  18  69  69  3  3  68  68  2  2  37  37  59  59  36  36  58  58  38  38  72  72  56  56  70  70  10  10  62  62  9  9  26  26  24  24  25  25  23  23  74  74  40  40  61  61  39  39  60  60  71  71  52  52  17  17  51  51  14  14  63  63  13  13  73  73  11  11  65  65  12  12  28  28  20  20  27  27  19  19  30  30  55  55  35  35  8  8  41  41  7  7  32  32  45  45  31  31  44  44  34  34  46  46  54  54  16  16  53  53  15  15  6  6  48  48  5  5  47  47  29  29  57  57  22  22  43  43  21  21  42  42  33 
 a0 = 0, a1 = 36,b0 = 0,b1 = 37
 total = 3318.511475 , sum[0] = 1558.359741 ,sum[1] =1670.579102 
 best = 1646.757202  
 values of rec are 1558.359741 , 1670.579102  
 values of rec are 3151.861816 , 3318.511475 Optimal value = 6570.335449  
 109,43  43,67  67,38  38,23  23,32  32,131  131,77  77,122  122,14  14,80  80,133  133,15  15,78  78,21  21,64  64,112  112,136  136,145  145,72  72,49  49,147  147,144  144,129  129,27  27,31  31,123  123,74  74,13  13,106  106,91  91,119  119,68  68,128  128,45  45,71  71,44  44,115  115,150  150,4  4,104  104,22  22,125  125,149  149,62  62,3  3,113  113,10  10,94  94,88  88,121  121,79  79,59  59,16  16,111  111,105  105,52  52,35  35,96  96,89  89,8  8,7  7,84  84,30  30,63  63,48  48,73  73,76  76,34  34,87  87,1  1,98  98,103  103,82  82,95  95,107  107,5  5,100  100,143  143,97  97,124  124,93  93,126  126,33  33,92  92,54  54,134  134,138  138,46  46,90  90,25  25,20  20,110  110,81  81,29  29,86  86,108  108,70  70,135  135,50  50,55  55,58  58,141  141,83  83,56  56,146  146,26  26,75  75,18  18,142  142,85  85,65  65,132  132,137  137,102  102,114  114,99  99,19  19,2  2,37  37,6  6,28  28,9  9,42  42,120  120,47  47,139  139,40  40,53  53,24  24,118  118,127  127,69  69,36  36,61  61,11  11,148  148,130  130,17  17,66  66,60  60,140  140,117  117,41  41,57  57,39  39,101  101,116  116,12  12,51  51,109 


______________________________________________________________________________________________________________________




  a0 = 122, a1 = 134,b0 = 30,b1 = 49
 total = 6605.419922 , sum[0] = 3020.144775 ,sum[1] =3483.214600 

 75 
 0  2  2  1  1  3  3  4  4  5  5  6  6  7  7  8  8  9  9  10  10  11  11  12  12  13  13  14  14  15  15  16  16  17  17  18  18  19  19  20  20  21  21  22  22  23  23  24  24  25  25  26  26  27  27  28  28  29  29  30  30  31  31  32  32  33  33  34  34  36  36  35  35  37  37  38  38  39  39  40  40  41  41  42  42  43  43  44  44  45  45  46  46  47  47  48  48  49  49  50  50  51  51  52  52  53  53  54  54  55  55  56  56  57  57  59  59  58  58  60  60  61  61  62  62  63  63  64  64  65  65  66  66  67  67  68  68  69  69  70  70  71  71  72  72  73  73  74 
 a0 = 0, a1 = 36,b0 = 0,b1 = 37
 total = 3012.098145 , sum[0] = 1417.748535 ,sum[1] =1564.911621 
 
 values of rec are 1417.748535 , 1564.911255 
 75 
 25  28  28  24  24  74  74  41  41  61  61  40  40  60  60  70  70  54  54  18  18  53  53  11  11  64  64  10  10  9  9  65  65  8  8  73  73  30  30  20  20  29  29  19  19  32  32  7  7  39  39  6  6  37  37  34  34  36  36  33  33  47  47  13  13  57  57  12  12  58  58  50  50  5  5  52  52  4  4  51  51  31  31  59  59  22  22  44  44  21  21  43  43  35  35  72  72  38  38  3  3  26  26  2  2  27  27  1  1  17  17  0  0  16  16  68  68  71  71  69  69  56  56  67  67  55  55  15  15  63  63  14  14  62  62  23  23  66  66  46  46  45  45  42  42  49  49  48 
 a0 = 0, a1 = 36,b0 = 0,b1 = 37
 total = 3445.911377 , sum[0] = 1725.425171 ,sum[1] =1665.003052 
 
 values of rec are 1725.425171 , 1665.002808  
 values of rec are 3012.098145 , 3445.911377 Optimal value = 6558.846191  
 69,127  127,118  118,24  24,12  12,53  53,40  40,139  139,47  47,120  120,42  42,9  9,28  28,6  6,37  37,2  2,19  19,99  99,114  114,102  102,137  137,132  132,65  65,85  85,142  142,18  18,75  75,26  26,146  146,56  56,83  83,141  141,58  58,55  55,50  50,135  135,70  70,108  108,86  86,29  29,81  81,110  110,25  25,20  20,51  51,109  109,134  134,138  138,46  46,90  90,54  54,92  92,33  33,126  126,93  93,124  124,97  97,143  143,100  100,5  5,107  107,95  95,82  82,103  103,98  98,1  1,87  87,34  34,76  76,73  73,48  48,63  63,30  30,84  84,7  7,8  8,89  89,96  96,35  35,52  52,105  105,111  111,16  16,59  59,79  79,121  121,88  88,94  94,10  10,113  113,3  3,62  62,149  149,125  125,22  22,104  104,4  4,150  150,115  115,44  44,71  71,45  45,128  128,68  68,119  119,91  91,106  106,13  13,74  74,123  123,31  31,27  27,129  129,144  144,147  147,49  49,72  72,145  145,136  136,112  112,64  64,21  21,78  78,15  15,133  133,80  80,14  14,122  122,77  77,131  131,32  32,23  23,38  38,67  67,43  43,116  116,101  101,41  41,39  39,57  57,117  117,140  140,60  60,66  66,17  17,130  130,148  148,11  11,61  61,36  36,69

______________________________________________________________________________________________________________________________


 
  a0 = 41, a1 = 9,b0 = 8,b1 = 93
 total = 6636.510254 , sum[0] = 3364.851562 ,sum[1] =3191.811035 

 75 
 0  2  2  1  1  3  3  4  4  5  5  6  6  7  7  8  8  9  9  10  10  11  11  12  12  13  13  14  14  15  15  16  16  17  17  18  18  19  19  20  20  21  21  22  22  23  23  24  24  25  25  26  26  27  27  28  28  29  29  30  30  31  31  32  32  33  33  37  37  36  36  34  34  35  35  38  38  39  39  40  40  41  41  42  42  43  43  44  44  45  45  46  46  47  47  48  48  49  49  50  50  51  51  52  52  53  53  54  54  55  55  56  56  57  57  58  58  59  59  60  60  61  61  62  62  63  63  64  64  65  65  66  66  67  67  68  68  69  69  70  70  71  71  72  72  73  73  74 
 a0 = 0, a1 = 36,b0 = 0,b1 = 37
 total = 3342.250977 , sum[0] = 1654.978271 ,sum[1] =1675.123169 
 
 values of rec are 1654.978271 , 1675.123169 
 75 
 23  6  6  22  22  3  3  16  16  2  2  15  15  68  68  73  73  71  71  49  49  25  25  54  54  24  24  18  18  20  20  17  17  43  43  41  41  36  36  40  40  35  35  70  70  48  48  59  59  47  47  14  14  52  52  13  13  51  51  21  21  57  57  42  42  19  19  61  61  33  33  39  39  63  63  28  28  62  62  27  27  32  32  64  64  31  31  9  9  58  58  7  7  30  30  29  29  26  26  46  46  34  34  50  50  1  1  60  60  0  0  56  56  8  8  5  5  55  55  66  66  69  69  4  4  67  67  74  74  38  38  72  72  37  37  12  12  45  45  11  11  44  44  53  53  65  65  10 
 a0 = 0, a1 = 36,b0 = 0,b1 = 37
 total = 3191.811035 , sum[0] = 1644.423950 ,sum[1] =1497.741333 
 best = 1625.540283  best = 1494.561646  
 values of rec are 1637.002319 , 1497.741333  
 values of rec are 3342.250977 , 3191.811035 Optimal value = 6596.497559  
 65,132  132,137  137,50  50,55  55,58  58,141  141,25  25,20  20,110  110,81  81,29  29,86  86,135  135,70  70,108  108,102  102,114  114,99  99,19  19,2  2,37  37,6  6,28  28,9  9,42  42,120  120,47  47,139  139,40  40,53  53,24  24,118  118,127  127,69  69,36  36,61  61,11  11,148  148,130  130,17  17,66  66,60  60,140  140,117  117,41  41,57  57,39  39,101  101,116  116,12  12,51  51,109  109,43  43,67  67,38  38,23  23,32  32,131  131,77  77,122  122,14  14,80  80,133  133,15  15,78  78,21  21,64  64,112  112,136  136,145  145,72  72,49  49,147  147,144  144,129  129,27  27,31  31,123  123,74  74,13  13,106  106,91  91,119  119,68  68,128  128,45  45,71  71,44  44,115  115,150  150,4  4,104  104,22  22,125  125,149  149,62  62,3  3,113  113,10  10,94  94,88  88,121  121,79  79,59  59,16  16,105  105,111  111,52  52,124  124,97  97,143  143,100  100,5  5,107  107,95  95,82  82,103  103,98  98,1  1,87  87,34  34,76  76,73  73,48  48,63  63,30  30,84  84,7  7,8  8,89  89,96  96,35  35,93  93,126  126,33  33,92  92,54  54,134  134,138  138,46  46,90  90,83  83,56  56,146  146,26  26,75  75,18  18,142  142,85  85,65

______________________________________________________________________________________________________________________


  a0 = 33, a1 = 60,b0 = 6,b1 = 10
 total = 6636.128906 , sum[0] = 3290.138672 ,sum[1] =3236.360352 

 75 
 0  2  2  1  1  3  3  4  4  5  5  6  6  7  7  8  8  9  9  10  10  11  11  12  12  13  13  14  14  15  15  16  16  17  17  18  18  19  19  20  20  21  21  22  22  23  23  24  24  25  25  26  26  27  27  28  28  29  29  30  30  31  31  32  32  33  33  34  34  35  35  36  36  37  37  38  38  39  39  40  40  41  41  42  42  43  43  44  44  45  45  46  46  47  47  48  48  49  49  50  50  51  51  52  52  53  53  54  54  55  55  56  56  57  57  58  58  59  59  60  60  61  61  62  62  63  63  64  64  65  65  66  66  67  67  68  68  69  69  70  70  71  71  72  72  73  73  74 
 a0 = 0, a1 = 36,b0 = 0,b1 = 37
 total = 3290.138672 , sum[0] = 1601.960327 ,sum[1] =1665.718872 
 best = 1657.540771  best = 1641.851440  
 values of rec are 1597.093384 , 1665.718384 
 75 
 27  4  4  62  62  5  5  29  29  64  64  28  28  63  63  40  40  70  70  14  14  43  43  13  13  42  42  60  60  66  66  6  6  65  65  1  1  47  47  0  0  46  46  18  18  68  68  3  3  67  67  2  2  36  36  55  55  35  35  54  54  37  37  72  72  53  53  69  69  9  9  58  58  8  8  24  24  22  22  23  23  21  21  74  74  57  57  39  39  38  38  56  56  71  71  48  48  17  17  49  49  12  12  59  59  11  11  61  61  10  10  73  73  26  26  7  7  15  15  50  50  16  16  51  51  44  44  41  41  31  31  33  33  32  32  34  34  52  52  30  30  19  19  25  25  20  20  45 
 a0 = 0, a1 = 36,b0 = 0,b1 = 37
 total = 3236.360352 , sum[0] = 1371.795898 ,sum[1] =1796.549072 
 best = 1368.270386  best = 1790.292969  best = 1733.383301  best = 1682.493164  best = 1680.812866  best = 1600.036377  best = 1586.237183  best = 1560.583740  best = 1545.260498  best = 1473.703247  best = 1470.477783  
 values of rec are 1371.795898 , 1796.549072  
 values of rec are 3277.094238 , 3232.835938 Optimal value = 6603.869141  
 50,135  135,70  70,108  108,86  86,29  29,81  81,110  110,25  25,20  20,51  51,109  109,43  43,134  134,138  138,46  46,90  90,54  54,92  92,33  33,126  126,124  124,97  97,143  143,100  100,5  5,107  107,95  95,82  82,103  103,98  98,1  1,87  87,76  76,73  73,48  48,63  63,30  30,34  34,7  7,84  84,8  8,89  89,96  96,35  35,93  93,52  52,105  105,111  111,133  133,16  16,59  59,79  79,121  121,88  88,94  94,10  10,113  113,3  3,62  62,149  149,125  125,22  22,104  104,4  4,150  150,115  115,44  44,71  71,45  45,128  128,68  68,119  119,91  91,106  106,13  13,74  74,123  123,31  31,27  27,129  129,144  144,147  147,49  49,72  72,145  145,136  136,112  112,64  64,21  21,78  78,15  15,80  80,14  14,122  122,77  77,131  131,32  32,23  23,38  38,67  67,116  116,101  101,41  41,39  39,57  57,117  117,140  140,60  60,66  66,17  17,130  130,148  148,11  11,61  61,36  36,69  69,127  127,118  118,24  24,12  12,53  53,40  40,139  139,47  47,120  120,42  42,9  9,28  28,6  6,37  37,2  2,19  19,99  99,114  114,102  102,137  137,132  132,65  65,85  85,142  142,18  18,75  75,26  26,146  146,56  56,83  83,141  141,58  58,55  55,50


______________________________________________________________________________________________________________________________


  a0 = 110, a1 = 126,b0 = 104,b1 = 68
 total = 6588.388184 , sum[0] = 3108.504150 ,sum[1] =3439.750000 

 75 
 0  2  2  1  1  3  3  4  4  5  5  6  6  7  7  8  8  9  9  10  10  11  11  12  12  13  13  14  14  15  15  16  16  17  17  18  18  19  19  20  20  21  21  22  22  23  23  24  24  25  25  26  26  27  27  28  28  29  29  30  30  31  31  32  32  33  33  34  34  35  35  36  36  37  37  38  38  39  39  40  40  41  41  42  42  43  43  47  47  46  46  45  45  44  44  48  48  49  49  50  50  51  51  52  52  53  53  54  54  55  55  56  56  57  57  58  58  59  59  60  60  61  61  62  62  63  63  64  64  65  65  66  66  67  67  68  68  69  69  70  70  71  71  72  72  73  73  74 
 a0 = 0, a1 = 36,b0 = 0,b1 = 37
 total = 3108.504150 , sum[0] = 1443.070801 ,sum[1] =1594.643188 
 best = 1570.821289  
 values of rec are 1443.070801 , 1594.643188 
 75 
 41  32  32  40  40  0  0  62  62  1  1  57  57  30  30  39  39  49  49  27  27  50  50  7  7  8  8  10  10  31  31  66  66  73  73  29  29  65  65  28  28  64  64  42  42  38  38  63  63  37  37  60  60  24  24  56  56  19  19  55  55  18  18  52  52  61  61  51  51  71  71  72  72  69  69  21  21  3  3  20  20  2  2  26  26  6  6  25  25  11  11  23  23  15  15  22  22  14  14  35  35  45  45  34  34  44  44  36  36  46  46  54  54  17  17  53  53  16  16  13  13  48  48  12  12  47  47  4  4  68  68  74  74  70  70  5  5  58  58  67  67  59  59  9  9  43  43  33 
 a0 = 0, a1 = 36,b0 = 0,b1 = 37
 total = 3439.750000 , sum[0] = 1758.044434 ,sum[1] =1643.777832 
 best = 1662.605713  best = 1558.948486  best = 1541.961060  best = 1497.174805  best = 1439.759888  best = 993.087524  best = 1604.366943  best = 1352.401245  
 values of rec are 1686.197266 , 1643.777832  
 values of rec are 3108.504150 , 3439.750000 Optimal value = 6588.388184  
 26,146  146,56  56,83  83,90  90,46  46,138  138,134  134,54  54,92  92,33  33,126  126,93  93,124  124,97  97,143  143,100  100,5  5,107  107,95  95,82  82,103  103,98  98,1  1,87  87,34  34,76  76,73  73,48  48,63  63,30  30,84  84,7  7,8  8,89  89,96  96,35  35,52  52,105  105,111  111,16  16,59  59,79  79,121  121,88  88,94  94,10  10,113  113,3  3,62  62,149  149,125  125,22  22,104  104,4  4,150  150,115  115,44  44,71  71,45  45,128  128,68  68,119  119,91  91,106  106,13  13,74  74,123  123,31  31,27  27,129  129,144  144,147  147,49  49,72  72,145  145,136  136,112  112,64  64,21  21,78  78,15  15,133  133,80  80,14  14,122  122,77  77,131  131,32  32,23  23,38  38,67  67,43  43,109  109,51  51,20  20,25  25,141  141,58  58,55  55,50  50,135  135,70  70,108  108,86  86,29  29,81  81,110  110,47  47,120  120,139  139,40  40,118  118,127  127,69  69,36  36,61  61,11  11,148  148,130  130,17  17,66  66,60  60,140  140,117  117,41  41,57  57,39  39,101  101,116  116,12  12,24  24,53  53,42  42,9  9,28  28,6  6,37  37,2  2,19  19,99  99,114  114,102  102,137  137,132  132,65  65,85  85,142  142,18  18,75  75,26 


____________________________________________________________________________________________________________________



void opt2(Element x[SIZE][SIZE],int n,int k[2*SIZE],float best,int arr[2])
{
     int temp,i,j,g,h;
     
     for(i = 0;i < (2*n - 7);i=i+2)
     for(j = i + 4; j < (2*n - 3) ;j = j + 2)
     {
         if( (((x[k[i]][k[i + 1]].e + x[k[j]][k[j + 1]].e) - (x[k[i]][k[j]].e + x[k[i + 1]][k[j + 1]].e)) > 0) && (!(i==0 && j ==(2*n-3))))
           {
              best = best - ( (x[k[i]][k[i + 1]].e + x[k[j]][k[j + 1]].e) - (x[k[i]][k[j]].e + x[k[i + 1]][k[j + 1]].e)) ;
              temp = k[i+1] ;
              k[i+1] = k[j] ;
              k[j] = temp ;
           
              
              printf(" best = %f ",best);
           }
     }
     update(x,n,k,best,n);
}


_______________________________________________________________________________________________________________


 a0 = 32, a1 = 76,b0 = 125,b1 = 121
 total = 6583.247070 , sum[0] = 3391.753418 ,sum[1] =3130.238037 

 75 
 0  1  1  2  2  3  3  4  4  5  5  6  6  7  7  8  8  9  9  10  10  11  11  12  12  13  13  14  14  15  15  16  16  17  17  18  18  19  19  20  20  21  21  22  22  23  23  24  24  25  25  26  26  27  27  28  28  29  29  30  30  31  31  32  32  33  33  34  34  35  35  36  36  37  37  38  38  39  39  40  40  41  41  42  42  43  43  44  44  45  45  46  46  47  47  48  48  49  49  50  50  51  51  52  52  53  53  54  54  55  55  56  56  57  57  58  58  59  59  60  60  61  61  62  62  63  63  64  64  65  65  66  66  67  67  68  68  69  69  70  70  71  71  72  72  73  73  74 
 a0 = 0, a1 = 36,b0 = 0,b1 = 37
 total = 3386.885742 , sum[0] = 1684.313232 ,sum[1] =1656.742676 
 
 values of rec are 1684.313232 , 1656.742676 
 75 
 28  31  31  61  61  30  30  11  11  9  9  8  8  45  45  25  25  44  44  35  35  29  29  1  1  60  60  0  0  59  59  53  53  10  10  39  39  73  73  65  65  6  6  66  66  7  7  58  58  64  64  3  3  62  62  12  12  63  63  56  56  40  40  19  19  41  41  20  20  38  38  69  69  18  18  54  54  17  17  16  16  57  57  50  50  36  36  51  51  37  37  74  74  23  23  26  26  24  24  27  27  13  13  52  52  14  14  70  70  48  48  72  72  4  4  67  67  5  5  68  68  22  22  42  42  2  2  43  43  55  55  21  21  34  34  49  49  32  32  46  46  33  33  47  47  71  71  15 
 a0 = 0, a1 = 36,b0 = 0,b1 = 37
 total = 3130.238037 , sum[0] = 1588.305054 ,sum[1] =1401.333618 
 best = 1434.064575  best = 1395.258423  best = 1351.557617  best = 1351.040161  
 values of rec are 1437.244263 , 1401.333618  
 values of rec are 3386.885742 , 3130.238037 Optimal value = 6581.558594  
 70,108  108,86  86,29  29,81  81,110  110,25  25,20  20,51  51,109  109,134  134,138  138,46  46,90  90,54  54,92  92,33  33,126  126,93  93,35  35,96  96,89  89,8  8,84  84,7  7,30  30,63  63,48  48,73  73,76  76,34  34,87  87,1  1,98  98,103  103,82  82,95  95,107  107,5  5,100  100,143  143,97  97,124  124,52  52,105  105,111  111,16  16,59  59,79  79,121  121,88  88,94  94,10  10,113  113,3  3,62  62,149  149,125  125,22  22,104  104,4  4,128  128,68  68,119  119,91  91,106  106,13  13,74  74,123  123,31  31,27  27,129  129,144  144,147  147,49  49,72  72,145  145,136  136,112  112,64  64,44  44,71  71,45  45,115  115,150  150,21  21,78  78,15  15,133  133,80  80,14  14,122  122,77  77,131  131,32  32,23  23,38  38,67  67,43  43,12  12,116  116,101  101,39  39,57  57,41  41,117  117,140  140,60  60,66  66,17  17,130  130,148  148,11  11,61  61,36  36,69  69,127  127,118  118,24  24,53  53,40  40,139  139,47  47,120  120,42  42,9  9,28  28,6  6,37  37,2  2,19  19,99  99,114  114,102  102,137  137,132  132,65  65,85  85,142  142,18  18,75  75,26  26,146  146,56  56,83  83,141  141,58  58,55  55,50  50,135  135,70


___________________________________________________________________________________________________________________________


  a0 = 32, a1 = 79,b0 = 125,b1 = 13
 total = 6707.423828 , sum[0] = 3485.990479 ,sum[1] =3174.634277 

 75 
 0  2  2  1  1  3  3  4  4  5  5  6  6  7  7  8  8  9  9  10  10  11  11  12  12  13  13  14  14  15  15  16  16  17  17  18  18  19  19  20  20  21  21  22  22  23  23  24  24  25  25  26  26  27  27  28  28  29  29  30  30  31  31  32  32  33  33  34  34  35  35  36  36  37  37  38  38  39  39  40  40  41  41  42  42  43  43  44  44  45  45  46  46  47  47  48  48  49  49  50  50  51  51  52  52  53  53  54  54  55  55  56  56  57  57  58  58  59  59  60  60  61  61  62  62  63  63  64  64  65  65  66  66  67  67  68  68  69  69  72  72  73  73  71  71  70  70  74 
 a0 = 0, a1 = 36,b0 = 0,b1 = 37
 total = 3468.886963 , sum[0] = 1604.083862 ,sum[1] =1833.216064 
 
 values of rec are 1604.083862 , 1833.216064 
 75 
 27  31  31  58  58  30  30  10  10  56  56  9  9  24  24  8  8  23  23  44  44  35  35  51  51  1  1  62  62  29  29  0  0  57  57  61  61  28  28  7  7  64  64  6  6  63  63  72  72  39  39  67  67  38  38  18  18  41  41  17  17  40  40  54  54  60  60  11  11  59  59  3  3  43  43  2  2  42  42  20  20  66  66  5  5  65  65  4  4  33  33  49  49  32  32  48  48  34  34  70  70  47  47  68  68  13  13  52  52  12  12  26  26  22  22  25  25  21  21  37  37  36  36  73  73  74  74  50  50  69  69  46  46  19  19  45  45  16  16  53  53  15  15  71  71  14  14  55 
 a0 = 0, a1 = 36,b0 = 0,b1 = 37
 total = 3137.132568 , sum[0] = 1447.938965 ,sum[1] =1630.128296 
 best = 1431.331055  best = 1422.182007  best = 1405.186646  
 values of rec are 1434.510742 , 1630.128296  
 values of rec are 3468.886963 , 3123.704590 Optimal value = 6632.915039  
 34,87  87,1  1,98  98,103  103,82  82,95  95,107  107,5  5,100  100,143  143,97  97,124  124,52  52,105  105,111  111,16  16,59  59,79  79,121  121,88  88,94  94,10  10,113  113,3  3,62  62,149  149,125  125,22  22,104  104,4  4,150  150,115  115,44  44,71  71,45  45,128  128,68  68,119  119,91  91,106  106,13  13,74  74,123  123,31  31,27  27,129  129,144  144,147  147,49  49,72  72,145  145,136  136,112  112,64  64,21  21,78  78,15  15,133  133,77  77,122  122,14  14,80  80,131  131,32  32,23  23,38  38,67  67,116  116,101  101,39  39,57  57,41  41,117  117,140  140,60  60,66  66,17  17,130  130,148  148,11  11,61  61,36  36,69  69,127  127,118  118,24  24,12  12,53  53,40  40,139  139,43  43,109  109,51  51,20  20,25  25,141  141,58  58,55  55,50  50,135  135,70  70,108  108,86  86,29  29,81  81,110  110,47  47,120  120,42  42,9  9,28  28,6  6,37  37,2  2,19  19,99  99,114  114,102  102,137  137,132  132,65  65,85  85,142  142,18  18,75  75,26  26,146  146,56  56,83  83,90  90,46  46,138  138,134  134,54  54,92  92,33  33,126  126,93  93,35  35,96  96,89  89,8  8,84  84,7  7,30  30,63  63,48  48,73  73,76  76,34 

_______________________________________________________________________________________________________________


  a0 = 44, a1 = 117,b0 = 127,b1 = 23
 total = 6718.353516 , sum[0] = 3343.770508 ,sum[1] =3306.703125 

 75 
 0  3  3  1  1  2  2  4  4  5  5  6  6  7  7  8  8  9  9  10  10  11  11  12  12  13  13  14  14  15  15  16  16  17  17  18  18  19  19  20  20  21  21  22  22  23  23  24  24  25  25  26  26  27  27  28  28  29  29  30  30  32  32  33  33  34  34  35  35  31  31  36  36  37  37  38  38  39  39  40  40  42  42  41  41  43  43  44  44  45  45  46  46  47  47  48  48  49  49  51  51  50  50  52  52  53  53  54  54  55  55  56  56  57  57  58  58  59  59  60  60  61  61  62  62  63  63  66  66  65  65  64  64  67  67  68  68  69  69  70  70  71  71  72  72  73  73  74 
 a0 = 0, a1 = 36,b0 = 0,b1 = 37
 total = 3287.392578 , sum[0] = 1543.177856 ,sum[1] =1708.470825 
 best = 1703.603760  
 values of rec are 1543.177856 , 1708.470825 
 75 
 36  71  71  52  52  67  67  4  4  56  56  5  5  28  28  22  22  29  29  23  23  74  74  37  37  54  54  38  38  55  55  69  69  47  47  15  15  48  48  8  8  60  60  6  6  73  73  59  59  61  61  7  7  30  30  16  16  31  31  17  17  32  32  51  51  35  35  13  13  19  19  14  14  20  20  26  26  62  62  27  27  53  53  68  68  39  39  43  43  40  40  44  44  46  46  45  45  63  63  21  21  57  57  9  9  58  58  10  10  49  49  64  64  50  50  66  66  70  70  65  65  11  11  0  0  12  12  1  1  24  24  2  2  25  25  3  3  34  34  72  72  33  33  41  41  18  18  42 
 a0 = 0, a1 = 36,b0 = 0,b1 = 37
 total = 3306.703125 , sum[0] = 1601.821655 ,sum[1] =1643.179932 
 best = 1617.680176  
 values of rec are 1584.158447 , 1643.179932  
 values of rec are 3287.392578 , 3306.703125 Optimal value = 6599.421875  
 23,32  32,131  131,77  77,122  122,80  80,14  14,133  133,15  15,78  78,21  21,64  64,112  112,136  136,145  145,72  72,49  49,147  147,144  144,129  129,27  27,31  31,123  123,74  74,13  13,106  106,91  91,119  119,68  68,128  128,45  45,71  71,44  44,115  115,150  150,4  4,104  104,22  22,125  125,149  149,62  62,3  3,113  113,10  10,94  94,88  88,121  121,79  79,59  59,16  16,111  111,105  105,52  52,124  124,97  97,143  143,100  100,5  5,107  107,95  95,82  82,103  103,98  98,1  1,87  87,34  34,76  76,73  73,48  48,63  63,30  30,84  84,7  7,8  8,89  89,96  96,35  35,93  93,126  126,33  33,92  92,54  54,90  90,46  46,138  138,134  134,109  109,51  51,20  20,25  25,110  110,81  81,29  29,86  86,108  108,70  70,135  135,50  50,55  55,58  58,141  141,83  83,56  56,146  146,26  26,75  75,18  18,142  142,85  85,65  65,132  132,137  137,102  102,114  114,99  99,19  19,2  2,37  37,9  9,28  28,6  6,42  42,120  120,47  47,139  139,40  40,53  53,24  24,118  118,127  127,69  69,36  36,61  61,11  11,148  148,130  130,17  17,66  66,60  60,140  140,117  117,41  41,57  57,39  39,101  101,116  116,12  12,43  43,67  67,38  38,23


_________________________________________________________________________________________________________________________



  a0 = 53, a1 = 79,b0 = 91,b1 = 13
 total = 6582.439941 , sum[0] = 3204.105469 ,sum[1] =3347.906250 

 75 
 0  2  2  1  1  3  3  4  4  5  5  6  6  7  7  8  8  9  9  10  10  11  11  12  12  13  13  14  14  16  16  17  17  18  18  19  19  15  15  20  20  21  21  22  22  23  23  24  24  25  25  26  26  27  27  28  28  29  29  30  30  31  31  32  32  33  33  34  34  35  35  36  36  37  37  38  38  39  39  40  40  41  41  42  42  43  43  44  44  45  45  50  50  49  49  48  48  47  47  46  46  70  70  71  71  72  72  73  73  65  65  64  64  63  63  62  62  61  61  60  60  59  59  58  58  57  57  56  56  55  55  54  54  53  53  52  52  51  51  69  69  68  68  67  67  66  66  74 
 a0 = 0, a1 = 36,b0 = 0,b1 = 37
 total = 3204.105469 , sum[0] = 1517.496216 ,sum[1] =1640.229858 
 
 values of rec are 1482.603271 , 1640.229858 
 75 
 45  39  39  67  67  38  38  71  71  42  42  16  16  22  22  15  15  21  21  27  27  64  64  26  26  60  60  70  70  41  41  47  47  69  69  55  55  66  66  56  56  11  11  61  61  12  12  62  62  23  23  65  65  48  48  51  51  46  46  40  40  8  8  74  74  28  28  17  17  29  29  18  18  31  31  6  6  37  37  7  7  32  32  49  49  33  33  50  50  35  35  52  52  57  57  9  9  58  58  10  10  4  4  53  53  5  5  54  54  30  30  59  59  19  19  43  43  20  20  44  44  34  34  36  36  73  73  3  3  24  24  2  2  25  25  0  0  13  13  1  1  14  14  68  68  72  72  63 
 a0 = 0, a1 = 36,b0 = 0,b1 = 37
 total = 3347.906250 , sum[0] = 1967.844360 ,sum[1] =1325.976562 
 
 values of rec are 1764.640503 , 1325.976562  
 values of rec are 3204.105469 , 3347.906250 Optimal value = 6582.439941  
 135,70  70,108  108,86  86,29  29,81  81,110  110,25  25,20  20,51  51,109  109,134  134,138  138,46  46,90  90,92  92,54  54,33  33,126  126,93  93,35  35,96  96,89  89,8  8,7  7,84  84,30  30,63  63,48  48,73  73,76  76,34  34,87  87,1  1,98  98,103  103,82  82,95  95,107  107,5  5,100  100,143  143,97  97,124  124,52  52,105  105,111  111,16  16,59  59,79  79,121  121,88  88,94  94,10  10,113  113,3  3,62  62,149  149,125  125,22  22,104  104,4  4,150  150,115  115,44  44,71  71,45  45,128  128,68  68,119  119,91  91,106  106,13  13,74  74,123  123,31  31,27  27,129  129,144  144,147  147,49  49,72  72,145  145,136  136,112  112,64  64,21  21,78  78,15  15,133  133,80  80,14  14,122  122,77  77,131  131,32  32,23  23,38  38,67  67,43  43,12  12,116  116,101  101,39  39,57  57,41  41,117  117,140  140,60  60,66  66,17  17,130  130,148  148,11  11,61  61,36  36,69  69,127  127,118  118,24  24,53  53,40  40,139  139,47  47,120  120,42  42,9  9,28  28,6  6,37  37,2  2,19  19,99  99,114  114,102  102,137  137,132  132,65  65,85  85,142  142,18  18,75  75,26  26,146  146,56  56,83  83,141  141,58  58,55  55,50  50,135 


___________________________________________________________________________________________________________________



  a0 = 124, a1 = 136,b0 = 21,b1 = 101
 total = 6583.331543 , sum[0] = 3185.419434 ,sum[1] =3267.649902 

 75 
 0  2  2  1  1  3  3  4  4  5  5  6  6  7  7  8  8  9  9  10  10  11  11  12  12  13  13  14  14  15  15  16  16  17  17  18  18  19  19  20  20  22  22  21  21  23  23  24  24  25  25  26  26  27  27  28  28  29  29  30  30  31  31  32  32  33  33  34  34  35  35  36  36  37  37  38  38  39  39  40  40  41  41  42  42  44  44  43  43  45  45  46  46  47  47  48  48  49  49  50  50  51  51  52  52  53  53  54  54  55  55  56  56  57  57  58  58  59  59  60  60  61  61  62  62  63  63  64  64  65  65  66  66  67  67  68  68  69  69  70  70  71  71  72  72  73  73  74 
 a0 = 0, a1 = 36,b0 = 0,b1 = 37
 total = 3177.372803 , sum[0] = 1335.195435 ,sum[1] =1804.669189 
 
 values of rec are 1335.195435 , 1804.669189 
 75 
 67  3  3  66  66  2  2  41  41  59  59  40  40  58  58  42  42  71  71  56  56  68  68  11  11  62  62  10  10  29  29  25  25  28  28  24  24  74  74  44  44  61  61  43  43  60  60  69  69  53  53  19  19  52  52  14  14  63  63  13  13  64  64  12  12  73  73  31  31  21  21  30  30  20  20  33  33  9  9  39  39  8  8  35  35  48  48  34  34  47  47  37  37  49  49  55  55  16  16  54  54  15  15  7  7  51  51  6  6  50  50  32  32  57  57  23  23  46  46  22  22  45  45  36  36  72  72  38  38  5  5  27  27  4  4  26  26  1  1  18  18  0  0  17  17  65  65  70 
 a0 = 0, a1 = 36,b0 = 0,b1 = 37
 total = 3267.647949 , sum[0] = 1582.769409 ,sum[1] =1667.303345 
 
 values of rec are 1582.769409 , 1667.303223  
 values of rec are 3177.372803 , 3267.647949 Optimal value = 6575.280273  
 81,110  110,25  25,20  20,51  51,109  109,134  134,138  138,46  46,90  90,54  54,92  92,33  33,126  126,124  124,97  97,143  143,100  100,5  5,107  107,95  95,82  82,103  103,98  98,1  1,87  87,34  34,76  76,73  73,48  48,63  63,30  30,84  84,7  7,8  8,89  89,96  96,35  35,93  93,52  52,105  105,111  111,133  133,16  16,59  59,79  79,121  121,88  88,94  94,10  10,113  113,3  3,62  62,149  149,125  125,22  22,104  104,4  4,150  150,115  115,44  44,71  71,45  45,128  128,68  68,119  119,91  91,106  106,13  13,74  74,123  123,31  31,27  27,129  129,144  144,147  147,49  49,72  72,145  145,136  136,112  112,64  64,21  21,78  78,15  15,80  80,14  14,122  122,77  77,131  131,32  32,23  23,38  38,67  67,43  43,12  12,116  116,101  101,39  39,57  57,41  41,117  117,140  140,60  60,66  66,17  17,130  130,148  148,11  11,61  61,36  36,69  69,127  127,118  118,24  24,53  53,40  40,139  139,47  47,120  120,42  42,9  9,28  28,6  6,37  37,2  2,19  19,99  99,114  114,102  102,137  137,132  132,65  65,85  85,142  142,18  18,75  75,26  26,146  146,56  56,83  83,141  141,58  58,55  55,50  50,135  135,70  70,108  108,86  86,29  29,81 


______________________________________________________________________________________________________-


  a0 = 10, a1 = 7,b0 = 60,b1 = 6
 total = 6575.140625 , sum[0] = 3277.587158 ,sum[1] =3208.470215 

 75 
 0  2  2  1  1  3  3  4  4  5  5  6  6  7  7  10  10  8  8  9  9  11  11  12  12  13  13  14  14  15  15  16  16  17  17  18  18  19  19  20  20  21  21  22  22  23  23  24  24  25  25  26  26  27  27  28  28  29  29  30  30  31  31  32  32  33  33  34  34  35  35  36  36  37  37  38  38  39  39  40  40  41  41  42  42  43  43  44  44  45  45  46  46  47  47  48  48  49  49  50  50  51  51  52  52  53  53  54  54  55  55  56  56  57  57  58  58  59  59  60  60  61  61  62  62  63  63  64  64  65  65  66  66  67  67  68  68  69  69  70  70  71  71  72  72  73  73  74 
 a0 = 0, a1 = 36,b0 = 0,b1 = 37
 total = 3273.947510 , sum[0] = 1737.266479 ,sum[1] =1491.877197 
 
 values of rec are 1737.266479 , 1491.877197 
 75 
 10  45  45  30  30  50  50  18  18  40  40  17  17  39  39  31  31  73  73  32  32  9  9  23  23  6  6  22  22  3  3  14  14  2  2  13  13  67  67  72  72  69  69  49  49  59  59  48  48  12  12  53  53  11  11  52  52  21  21  58  58  43  43  44  44  42  42  37  37  41  41  36  36  70  70  51  51  25  25  55  55  24  24  20  20  16  16  19  19  15  15  38  38  71  71  34  34  62  62  33  33  61  61  28  28  63  63  27  27  66  66  74  74  65  65  5  5  68  68  4  4  57  57  64  64  56  56  1  1  60  60  0  0  54  54  29  29  35  35  47  47  26  26  46  46  7  7  8 
 a0 = 0, a1 = 36,b0 = 0,b1 = 37
 total = 3208.470215 , sum[0] = 1599.071655 ,sum[1] =1586.939087 
 best = 1582.402588  
 values of rec are 1599.071655 , 1586.939087  
 values of rec are 3273.947510 , 3208.470215 Optimal value = 6571.501953  
 97,143  143,100  100,5  5,107  107,95  95,82  82,103  103,98  98,1  1,87  87,34  34,76  76,73  73,48  48,63  63,30  30,84  84,7  7,8  8,89  89,96  96,35  35,93  93,52  52,105  105,111  111,16  16,59  59,79  79,121  121,88  88,94  94,10  10,113  113,3  3,62  62,149  149,125  125,22  22,104  104,4  4,150  150,115  115,44  44,71  71,45  45,128  128,68  68,119  119,91  91,106  106,13  13,74  74,123  123,31  31,27  27,129  129,144  144,147  147,49  49,72  72,145  145,136  136,112  112,64  64,21  21,78  78,15  15,133  133,80  80,14  14,122  122,77  77,131  131,32  32,23  23,38  38,67  67,43  43,12  12,116  116,101  101,39  39,57  57,41  41,117  117,140  140,60  60,66  66,17  17,130  130,148  148,11  11,61  61,36  36,69  69,127  127,118  118,24  24,53  53,40  40,139  139,47  47,120  120,42  42,9  9,28  28,6  6,37  37,2  2,19  19,99  99,114  114,102  102,137  137,132  132,65  65,85  85,142  142,18  18,75  75,26  26,146  146,56  56,83  83,141  141,58  58,55  55,50  50,135  135,70  70,108  108,86  86,29  29,81  81,110  110,25  25,20  20,51  51,109  109,134  134,138  138,46  46,90  90,54  54,92  92,33  33,126  126,124  124,97 


__________________________________________________________________________________________________________________




  a0 = 19, a1 = 144,b0 = 109,b1 = 135
 total = 6592.826660 , sum[0] = 3041.872559 ,sum[1] =3419.765381 

 75 
 0  2  2  1  1  3  3  4  4  5  5  6  6  7  7  8  8  9  9  34  34  10  10  11  11  12  12  13  13  14  14  15  15  16  16  17  17  18  18  19  19  20  20  21  21  22  22  23  23  24  24  25  25  26  26  27  27  28  28  29  29  30  30  31  31  32  32  33  33  35  35  36  36  37  37  38  38  39  39  40  40  41  41  42  42  43  43  44  44  45  45  46  46  47  47  48  48  49  49  50  50  51  51  52  52  53  53  54  54  55  55  56  56  57  57  58  58  59  59  60  60  61  61  62  62  63  63  64  64  65  65  66  66  67  67  68  68  69  69  70  70  71  71  72  72  73  73  74 
 a0 = 0, a1 = 36,b0 = 0,b1 = 37
 total = 3026.799561 , sum[0] = 1510.403687 ,sum[1] =1500.073242 
 
 values of rec are 1510.403687 , 1500.073242 
 75 
 17  27  27  65  65  26  26  60  60  70  70  40  40  45  45  39  39  44  44  48  48  46  46  66  66  23  23  62  62  14  14  61  61  13  13  55  55  67  67  54  54  69  69  72  72  68  68  16  16  1  1  15  15  0  0  25  25  24  24  2  2  3  3  37  37  73  73  34  34  43  43  22  22  42  42  21  21  59  59  30  30  51  51  5  5  50  50  4  4  12  12  57  57  11  11  56  56  49  49  47  47  33  33  36  36  32  32  35  35  7  7  41  41  58  58  38  38  6  6  31  31  20  20  29  29  19  19  28  28  74  74  9  9  64  64  8  8  63  63  10  10  53  53  18  18  52  52  71 
 a0 = 0, a1 = 36,b0 = 0,b1 = 37
 total = 3419.765381 , sum[0] = 1610.769775 ,sum[1] =1768.065063 
 
 values of rec are 1604.223633 , 1768.065063  
 values of rec are 3026.799561 , 3419.765381 Optimal value = 6577.754395  
 50,135  135,70  70,108  108,86  86,29  29,81  81,110  110,20  20,25  25,90  90,46  46,138  138,134  134,54  54,92  92,33  33,126  126,93  93,124  124,97  97,143  143,100  100,5  5,107  107,95  95,82  82,103  103,98  98,1  1,87  87,34  34,76  76,73  73,48  48,63  63,30  30,84  84,7  7,8  8,89  89,96  96,35  35,52  52,105  105,111  111,133  133,16  16,59  59,79  79,121  121,88  88,94  94,10  10,113  113,3  3,62  62,149  149,125  125,22  22,104  104,4  4,150  150,115  115,44  44,71  71,45  45,128  128,68  68,119  119,91  91,106  106,13  13,74  74,123  123,31  31,27  27,129  129,144  144,147  147,49  49,72  72,145  145,136  136,112  112,64  64,21  21,78  78,15  15,80  80,14  14,122  122,77  77,131  131,32  32,23  23,38  38,67  67,43  43,109  109,51  51,12  12,116  116,101  101,41  41,39  39,57  57,117  117,140  140,60  60,66  66,17  17,130  130,148  148,11  11,61  61,36  36,69  69,127  127,118  118,24  24,53  53,40  40,139  139,47  47,120  120,42  42,9  9,28  28,6  6,37  37,2  2,19  19,99  99,114  114,102  102,137  137,132  132,65  65,85  85,142  142,18  18,75  75,26  26,146  146,56  56,83  83,141  141,58  58,55  55,50



__________________________________________________________________________________________________________________________________
