  a0 = 399, a1 = 158,b0 = 400,b1 = 157
 total = 11882.469727 , sum[0] = 7373.566895 ,sum[1] =4470.395020 

 219 
 0  2  2  1  1  3  3  4  4  5  5  6  6  7  7  8  8  10  10  9  9  11  11  12  12  13  13  14  14  15  15  16  16  17  17  18  18  19  19  20  20  23  23  22  22  21  21  24  24  25  25  28  28  27  27  29  29  26  26  30  30  31  31  32  32  33  33  34  34  35  35  36  36  37  37  38  38  39  39  40  40  41  41  45  45  44  44  43  43  42  42  46  46  47  47  48  48  49  49  50  50  51  51  52  52  53  53  54  54  55  55  56  56  57  57  58  58  59  59  60  60  61  61  62  62  63  63  64  64  66  66  65  65  67  67  68  68  69  69  70  70  71  71  72  72  73  73  74  74  75  75  76  76  77  77  78  78  79  79  80  80  81  81  82  82  83  83  84  84  85  85  86  86  87  87  88  88  89  89  90  90  91  91  92  92  93  93  94  94  95  95  96  96  97  97  98  98  99  99  100  100  104  104  101  101  102  102  103  103  105  105  106  106  107  107  108  108  109  109  110  110  111  111  112  112  113  113  114  114  115  115  116  116  117  117  118  118  119  119  120  120  121  121  122  122  123  123  124  124  125  125  143  143  126  126  127  127  128  128  129  129  130  130  131  131  132  132  133  133  134  134  135  135  136  136  137  137  138  138  139  139  140  140  141  141  142  142  144  144  145  145  146  146  149  149  147  147  148  148  150  150  151  151  152  152  153  153  154  154  155  155  156  156  157  157  158  158  159  159  160  160  161  161  162  162  163  163  164  164  165  165  166  166  167  167  168  168  169  169  170  170  171  171  172  172  174  174  173  173  175  175  176  176  177  177  178  178  179  179  180  180  181  181  182  182  183  183  184  184  185  185  186  186  187  187  188  188  189  189  190  190  191  191  192  192  193  193  194  194  195  195  196  196  197  197  198  198  199  199  200  200  201  201  202  202  203  203  204  204  205  205  206  206  207  207  208  208  209  209  210  210  211  211  212  212  213  213  214  214  215  215  216  216  217  217  218 
 a0 = 0, a1 = 108,b0 = 0,b1 = 109
 total = 7198.202148 , sum[0] = 4778.401855 ,sum[1] =2384.444824 

 109 
 0  1  1  2  2  3  3  4  4  5  5  6  6  7  7  8  8  9  9  10  10  11  11  12  12  13  13  14  14  15  15  16  16  17  17  18  18  19  19  20  20  21  21  22  22  23  23  24  24  25  25  26  26  27  27  28  28  30  30  29  29  32  32  31  31  35  35  34  34  33  33  40  40  41  41  39  39  38  38  37  37  36  36  42  42  43  43  44  44  45  45  46  46  47  47  48  48  49  49  50  50  51  51  52  52  53  53  54  54  55  55  56  56  57  57  58  58  59  59  60  60  61  61  62  62  63  63  64  64  65  65  66  66  67  67  68  68  69  69  70  70  71  71  72  72  73  73  74  74  75  75  76  76  77  77  78  78  79  79  80  80  81  81  82  82  83  83  84  84  85  85  86  86  87  87  88  88  89  89  90  90  91  91  92  92  93  93  94  94  95  95  96  96  97  97  98  98  99  99  100  100  101  101  102  102  103  103  104  104  105  105  106  106  107  107  108 
 a0 = 0, a1 = 53,b0 = 0,b1 = 54
 total = 4778.401855 , sum[0] = 2425.094238 ,sum[1] =2316.395508 
 
 values of rec are 2221.151123 , 2316.395508  best = 4761.948242  best = 4740.128906 
 110 
 0  1  1  2  2  3  3  4  4  5  5  6  6  7  7  8  8  9  9  10  10  11  11  12  12  13  13  14  14  15  15  16  16  18  18  19  19  20  20  21  21  22  22  23  23  24  24  25  25  26  26  27  27  28  28  29  29  30  30  31  31  17  17  34  34  33  33  32  32  35  35  36  36  37  37  38  38  39  39  40  40  41  41  42  42  43  43  44  44  45  45  46  46  47  47  48  48  49  49  50  50  51  51  52  52  53  53  54  54  55  55  56  56  57  57  58  58  59  59  60  60  61  61  62  62  63  63  64  64  65  65  66  66  67  67  68  68  69  69  70  70  71  71  72  72  73  73  74  74  75  75  76  76  77  77  78  78  79  79  80  80  81  81  82  82  83  83  84  84  85  85  86  86  87  87  88  88  89  89  90  90  91  91  92  92  93  93  94  94  95  95  96  96  97  97  98  98  99  99  100  100  101  101  102  102  103  103  104  104  105  105  106  106  107  107  108  108  109 
 a0 = 0, a1 = 54,b0 = 0,b1 = 54
 total = 2373.655762 , sum[0] = 1297.668091 ,sum[1] =1053.487671 
 best = 1294.342041  best = 1047.506958  best = 1042.565186  
 values of rec are 1296.553345 , 1053.487671  best = 2371.443848  best = 2363.066650  best = 2357.733398  best = 2346.929688  best = 2325.306885  best = 2323.095703  best = 2312.890869  
^Z
[3]+  Stopped                 ./exe data4.txt
nitish@nitish-HP-Pavilion-dv4-Notebook-PC:~/Desktop/tsp$ make clean
rm *.o
rm exe
nitish@nitish-HP-Pavilion-dv4-Notebook-PC:~/Desktop/tsp$ make
gcc -c -g main.c
gcc -c -g tsp.c
gcc -g -o exe main.c tsp.o
nitish@nitish-HP-Pavilion-dv4-Notebook-PC:~/Desktop/tsp$ ./exe data4.txt
Enter the size 439
 
  a0 = 345, a1 = 101,b0 = 344,b1 = 102
 total = 11132.802734 , sum[0] = 6556.672363 ,sum[1] =4541.130371 

 219 
 0  2  2  1  1  4  4  5  5  6  6  3  3  7  7  12  12  11  11  10  10  9  9  8  8  13  13  14  14  15  15  16  16  17  17  18  18  19  19  20  20  21  21  22  22  23  23  24  24  25  25  26  26  27  27  28  28  29  29  30  30  31  31  32  32  34  34  33  33  35  35  36  36  37  37  38  38  39  39  40  40  41  41  42  42  43  43  44  44  45  45  46  46  47  47  48  48  49  49  50  50  51  51  52  52  53  53  54  54  55  55  56  56  57  57  58  58  59  59  60  60  61  61  62  62  63  63  64  64  65  65  66  66  67  67  68  68  69  69  70  70  71  71  72  72  73  73  74  74  75  75  76  76  77  77  78  78  79  79  80  80  81  81  82  82  83  83  84  84  85  85  86  86  87  87  88  88  89  89  90  90  91  91  92  92  93  93  94  94  100  100  101  101  102  102  103  103  104  104  105  105  106  106  107  107  108  108  109  109  110  110  111  111  112  112  113  113  114  114  115  115  116  116  117  117  118  118  119  119  120  120  121  121  122  122  123  123  124  124  125  125  126  126  127  127  128  128  129  129  130  130  98  98  99  99  97  97  96  96  95  95  134  134  133  133  132  132  131  131  135  135  136  136  137  137  138  138  139  139  140  140  141  141  142  142  143  143  144  144  145  145  146  146  147  147  148  148  149  149  150  150  151  151  152  152  153  153  154  154  155  155  156  156  157  157  158  158  159  159  160  160  161  161  162  162  163  163  164  164  165  165  166  166  167  167  168  168  169  169  170  170  171  171  172  172  173  173  174  174  175  175  176  176  177  177  178  178  179  179  180  180  181  181  182  182  183  183  184  184  185  185  186  186  187  187  188  188  189  189  190  190  191  191  192  192  193  193  194  194  195  195  196  196  197  197  198  198  199  199  200  200  201  201  202  202  203  203  204  204  205  205  206  206  207  207  208  208  209  209  210  210  211  211  212  212  213  213  214  214  215  215  216  216  217  217  218 
 a0 = 0, a1 = 108,b0 = 0,b1 = 109
 total = 6508.401855 , sum[0] = 4290.310547 ,sum[1] =2205.591309 

 109 
 0  1  1  2  2  3  3  4  4  6  6  7  7  8  8  9  9  10  10  11  11  12  12  5  5  13  13  14  14  15  15  16  16  17  17  18  18  19  19  20  20  21  21  22  22  23  23  24  24  25  25  26  26  27  27  28  28  29  29  30  30  31  31  32  32  33  33  34  34  35  35  36  36  37  37  38  38  39  39  40  40  41  41  42  42  43  43  44  44  45  45  46  46  47  47  48  48  49  49  50  50  51  51  52  52  53  53  54  54  55  55  56  56  57  57  58  58  59  59  60  60  61  61  62  62  63  63  64  64  65  65  66  66  67  67  68  68  69  69  70  70  71  71  72  72  73  73  74  74  75  75  76  76  77  77  78  78  79  79  80  80  81  81  82  82  83  83  84  84  85  85  86  86  87  87  88  88  89  89  90  90  91  91  92  92  93  93  94  94  95  95  96  96  97  97  98  98  99  99  100  100  101  101  102  102  103  103  104  104  105  105  106  106  107  107  108 
 a0 = 0, a1 = 53,b0 = 0,b1 = 54
 total = 4283.835938 , sum[0] = 2403.760986 ,sum[1] =1871.061035 
 best = 2395.332520  best = 2391.041016  best = 1849.241699  
 values of rec are 2397.248047 , 1871.060913  best = 4275.407227  best = 4271.115723 
 110 
 0  1  1  2  2  3  3  4  4  5  5  6  6  7  7  8  8  9  9  10  10  11  11  17  17  19  19  20  20  21  21  22  22  23  23  24  24  25  25  26  26  27  27  28  28  29  29  30  30  31  31  32  32  33  33  34  34  35  35  36  36  37  37  38  38  39  39  40  40  41  41  42  42  43  43  44  44  45  45  46  46  47  47  48  48  49  49  50  50  51  51  52  52  53  53  54  54  55  55  56  56  57  57  58  58  59  59  60  60  61  61  62  62  63  63  64  64  65  65  66  66  67  67  68  68  69  69  70  70  71  71  72  72  73  73  74  74  75  75  76  76  77  77  78  78  79  79  80  80  81  81  82  82  83  83  84  84  85  85  86  86  87  87  88  88  89  89  90  90  91  91  92  92  93  93  94  94  95  95  96  96  97  97  98  98  99  99  100  100  101  101  102  102  103  103  104  104  105  105  106  106  107  107  108  108  18  18  12  12  13  13  14  14  15  15  16  16  109 
 a0 = 0, a1 = 54,b0 = 0,b1 = 54
 total = 2205.591309 , sum[0] = 1168.103394 ,sum[1] =945.768188 
 best = 943.764648  
 values of rec are 1168.103394 , 945.768188  best = 2186.511475  best = 2170.394043  best = 2154.489746  best = 2144.009277  
 values of rec are 4277.322754 , 2203.589111 
 220 
 193  142  142  144  144  141  141  143  143  145  145  146  146  140  140  139  139  138  138  137  137  136  136  135  135  133  133  134  134  132  132  153  153  152  152  151  151  150  150  148  148  149  149  147  147  192  192  191  191  190  190  189  189  187  187  188  188  186  186  200  200  199  199  198  198  197  197  195  195  196  196  194  194  204  204  202  202  203  203  201  201  205  205  206  206  207  207  208  208  209  209  211  211  210  210  215  215  216  216  219  219  218  218  217  217  214  214  213  213  212  212  171  171  173  173  170  170  172  172  174  174  175  175  176  176  177  177  178  178  179  179  180  180  181  181  182  182  183  183  184  184  185  185  155  155  157  157  154  154  156  156  158  158  159  159  160  160  161  161  162  162  163  163  164  164  165  165  166  166  167  167  168  168  169  169  114  114  116  116  113  113  115  115  117  117  118  118  119  119  120  120  121  121  122  122  123  123  124  124  125  125  126  126  127  127  128  128  129  129  130  130  131  131  94  94  91  91  95  95  96  96  97  97  98  98  99  99  100  100  101  101  102  102  103  103  104  104  105  105  106  106  107  107  108  108  109  109  110  110  111  111  77  77  112  112  76  76  79  79  81  81  78  78  80  80  82  82  83  83  84  84  85  85  86  86  87  87  88  88  89  89  90  90  62  62  64  64  61  61  63  63  65  65  66  66  67  67  68  68  69  69  70  70  71  71  72  72  73  73  45  45  75  75  74  74  40  40  39  39  42  42  43  43  41  41  44  44  46  46  38  38  47  47  50  50  48  48  49  49  51  51  52  52  53  53  54  54  55  55  56  56  57  57  60  60  58  58  59  59  93  93  92  92  36  36  34  34  23  23  37  37  33  33  35  35  24  24  22  22  21  21  20  20  6  6  5  5  4  4  3  3  1  1  2  2  0  0  8  8  9  9  7  7  13  13  11  11  12  12  10  10  19  19  17  17  18  18  16  16  25  25  26  26  28  28  30  30  31  31  32  32  29  29  27  27  15  15  14 
 a0 = 0, a1 = 109,b0 = 0,b1 = 109
 total = 4530.141113 , sum[0] = 2538.636963 ,sum[1] =1981.504150 

 110 
 0  1  1  2  2  3  3  4  4  5  5  6  6  7  7  8  8  9  9  10  10  11  11  12  12  13  13  14  14  15  15  16  16  17  17  18  18  19  19  20  20  21  21  22  22  23  23  24  24  25  25  26  26  27  27  28  28  29  29  30  30  31  31  32  32  33  33  34  34  35  35  36  36  37  37  38  38  39  39  40  40  41  41  42  42  43  43  44  44  45  45  46  46  47  47  48  48  49  49  50  50  51  51  52  52  53  53  54  54  55  55  56  56  57  57  58  58  59  59  60  60  61  61  62  62  63  63  64  64  65  65  66  66  67  67  68  68  69  69  71  71  72  72  70  70  75  75  73  73  74  74  76  76  77  77  78  78  79  79  80  80  81  81  82  82  83  83  84  84  85  85  86  86  87  87  88  88  89  89  90  90  91  91  92  92  93  93  94  94  95  95  96  96  97  97  98  98  99  99  100  100  101  101  102  102  103  103  104  104  105  105  106  106  107  107  108  108  109 
 a0 = 0, a1 = 54,b0 = 0,b1 = 54
 total = 2532.877930 , sum[0] = 1481.905273 ,sum[1] =1013.472656 
 best = 1012.858948  
 values of rec are 1481.905273 , 1013.472656 
 110 
 0  1  1  2  2  3  3  4  4  5  5  6  6  7  7  8  8  9  9  10  10  11  11  12  12  13  13  14  14  15  15  16  16  17  17  18  18  19  19  20  20  21  21  22  22  23  23  24  24  25  25  26  26  27  27  28  28  29  29  30  30  31  31  32  32  33  33  34  34  35  35  36  36  37  37  38  38  39  39  40  40  41  41  42  42  43  43  44  44  45  45  46  46  47  47  52  52  48  48  51  51  49  49  50  50  55  55  53  53  54  54  56  56  57  57  58  58  59  59  60  60  61  61  62  62  63  63  64  64  65  65  66  66  67  67  68  68  69  69  70  70  71  71  72  72  73  73  74  74  75  75  76  76  77  77  78  78  79  79  80  80  81  81  82  82  95  95  96  96  97  97  98  98  91  91  92  92  89  89  90  90  83  83  84  84  85  85  86  86  87  87  88  88  94  94  93  93  99  99  100  100  101  101  102  102  103  103  104  104  105  105  106  106  107  107  108  108  109 
 a0 = 0, a1 = 54,b0 = 0,b1 = 54
 total = 1947.277100 , sum[0] = 811.187927 ,sum[1] =1126.089111 
 best = 1121.686523  best = 1116.365845  
 values of rec are 811.187927 , 1126.089111  best = 1945.140869  
 values of rec are 2532.877930 , 1947.277100  
 values of rec are 6466.973633 , 4493.953613 Optimal value = 11056.962891  
 79,80  80,81  81,82  82,56  56,55  55,54  54,53  53,51  51,50  50,48  48,47  47,49  49,46  46,45  45,43  43,41  41,40  40,39  39,38  38,37  37,36  36,35  35,34  34,33  33,17  17,16  16,15  15,14  14,13  13,12  12,11  11,10  10,9  9,8  8,7  7,6  6,5  5,4  4,1  1,3  3,2  2,52  52,83  83,84  84,85  85,149  149,186  186,226  226,227  227,283  283,228  228,229  229,282  282,281  281,230  230,187  187,189  189,188  188,225  225,231  231,232  232,280  280,285  285,286  286,287  287,340  340,374  374,375  375,381  381,391  391,392  392,399  399,396  396,397  397,398  398,393  393,395  395,394  394,384  384,382  382,383  383,371  371,372  372,373  373,341  341,342  342,343  343,344  344,284  284,439  439,435  435,436  436,437  437,438  438,434  434,403  403,408  408,409  409,411  411,410  410,425  425,426  426,424  424,427  427,430  430,433  433,432  432,422  422,423  423,412  412,413  413,407  407,406  406,419  419,420  420,421  421,414  414,390  390,389  389,379  379,380  380,376  376,377  377,350  350,351  351,353  353,355  355,356  356,358  358,359  359,357  357,354  354,352  352,349  349,348  348,346  346,345  345,347  347,288  288,289  289,290  290,291  291,292  292,293  293,279  279,278  278,277  277,276  276,275  275,274  274,273  273,300  300,299  299,298  298,297  297,296  296,295  295,294  294,339  339,338  338,337  337,336  336,335  335,334  334,333  333,366  366,365  365,364  364,363  363,362  362,361  361,360  360,370  370,369  369,368  368,367  367,378  378,385  385,386  386,387  387,388  388,401  401,400  400,415  415,416  416,431  431,429  429,428  428,418  418,417  417,405  405,404  404,402  402,317  317,318  318,319  319,320  320,321  321,322  322,323  323,324  324,325  325,326  326,327  327,328  328,329  329,331  331,330  330,332  332,301  301,302  302,303  303,304  304,305  305,306  306,307  307,308  308,309  309,310  310,311  311,312  312,313  313,314  314,315  315,316  316,254  254,255  255,256  256,257  257,258  258,259  259,260  260,261  261,262  262,263  263,264  264,265  265,266  266,267  267,268  268,269  269,270  270,271  271,272  272,233  233,234  234,235  235,236  236,237  237,238  238,239  239,240  240,241  241,242  242,243  243,244  244,245  245,246  246,247  247,248  248,249  249,252  252,253  253,209  209,251  251,250  250,210  210,211  211,212  212,213  213,214  214,215  215,216  216,217  217,218  218,219  219,220  220,221  221,222  222,193  193,194  194,195  195,196  196,197  197,198  198,199  199,200  200,201  201,202  202,203  203,205  205,206  206,207  207,208  208,171  171,172  172,174  174,173  173,204  204,175  175,176  176,177  177,178  178,179  179,180  180,181  181,182  182,183  183,192  192,184  184,191  191,190  190,223  223,224  224,185  185,145  145,148  148,147  147,146  146,144  144,110  110,111  111,112  112,109  109,108  108,107  107,106  106,105  105,104  104,91  91,90  90,71  71,70  70,69  69,68  68,67  67,66  66,65  65,72  72,88  88,89  89,113  113,114  114,116  116,118  118,119  119,121  121,122  122,120  120,117  117,115  115,103  103,102  102,92  92,93  93,94  94,100  100,101  101,125  125,123  123,124  124,126  126,127  127,129  129,134  134,135  135,136  136,137  137,138  138,139  139,140  140,141  141,142  142,150  150,143  143,152  152,151  151,153  153,154  154,155  155,156  156,157  157,158  158,159  159,160  160,161  161,162  162,163  163,164  164,165  165,167  167,166  166,169  169,170  170,168  168,133  133,132  132,131  131,130  130,128  128,99  99,98  98,97  97,96  96,95  95,18  18,19  19,20  20,21  21,22  22,24  24,23  23,25  25,64  64,74  74,73  73,63  63,29  29,27  27,26  26,28  28,30  30,31  31,32  32,62  62,75  75,76  76,61  61,60  60,59  59,77  77,87  87,86  86,78  78,58  58,57  57,44  44,42  42,79 


________________________________________________________________________________________________________________________



  a0 = 434, a1 = 164,b0 = 438,b1 = 166
 total = 11080.565430 , sum[0] = 5449.489746 ,sum[1] =5538.575684 

 219 
 0  2  2  1  1  3  3  4  4  5  5  6  6  7  7  12  12  11  11  10  10  8  8  9  9  17  17  18  18  19  19  20  20  16  16  15  15  14  14  13  13  21  21  22  22  23  23  24  24  25  25  26  26  27  27  28  28  29  29  30  30  31  31  32  32  33  33  34  34  35  35  36  36  37  37  38  38  39  39  40  40  41  41  42  42  43  43  44  44  45  45  46  46  47  47  48  48  49  49  50  50  51  51  52  52  53  53  54  54  55  55  56  56  57  57  58  58  59  59  60  60  61  61  62  62  63  63  64  64  65  65  66  66  67  67  68  68  69  69  70  70  71  71  72  72  73  73  74  74  75  75  76  76  77  77  78  78  79  79  80  80  81  81  82  82  83  83  84  84  85  85  86  86  87  87  88  88  89  89  90  90  91  91  92  92  93  93  94  94  95  95  96  96  97  97  98  98  99  99  100  100  101  101  102  102  103  103  104  104  105  105  106  106  107  107  108  108  109  109  110  110  111  111  112  112  113  113  114  114  115  115  116  116  117  117  118  118  119  119  120  120  121  121  122  122  123  123  124  124  125  125  126  126  127  127  128  128  129  129  130  130  131  131  132  132  133  133  134  134  135  135  136  136  137  137  138  138  139  139  140  140  141  141  142  142  143  143  144  144  145  145  146  146  147  147  148  148  149  149  150  150  151  151  152  152  153  153  154  154  155  155  156  156  157  157  158  158  159  159  160  160  161  161  162  162  163  163  164  164  165  165  166  166  167  167  168  168  169  169  170  170  171  171  172  172  173  173  174  174  175  175  176  176  177  177  178  178  179  179  180  180  181  181  182  182  183  183  184  184  185  185  186  186  187  187  188  188  189  189  190  190  191  191  192  192  193  193  194  194  195  195  196  196  197  197  198  198  199  199  200  200  201  201  202  202  203  203  204  204  205  205  206  206  207  207  208  208  209  209  210  210  211  211  212  212  213  213  214  214  215  215  216  216  217  217  218 
 a0 = 0, a1 = 108,b0 = 0,b1 = 109
 total = 5390.714844 , sum[0] = 3722.933838 ,sum[1] =1654.318115 

 109 
 0  1  1  2  2  3  3  4  4  5  5  6  6  7  7  8  8  9  9  10  10  11  11  12  12  13  13  14  14  15  15  16  16  17  17  18  18  19  19  20  20  21  21  22  22  23  23  24  24  25  25  26  26  27  27  28  28  30  30  29  29  32  32  31  31  41  41  40  40  39  39  33  33  34  34  35  35  36  36  37  37  38  38  42  42  43  43  44  44  45  45  46  46  47  47  48  48  49  49  50  50  51  51  52  52  53  53  54  54  55  55  56  56  57  57  58  58  59  59  60  60  61  61  62  62  63  63  64  64  65  65  66  66  67  67  68  68  69  69  70  70  71  71  72  72  73  73  74  74  75  75  76  76  77  77  78  78  79  79  80  80  81  81  82  82  83  83  84  84  85  85  86  86  87  87  88  88  89  89  90  90  91  91  92  92  93  93  94  94  95  95  96  96  97  97  98  98  99  99  100  100  101  101  102  102  103  103  104  104  105  105  106  106  107  107  108 
 a0 = 0, a1 = 53,b0 = 0,b1 = 54
 total = 3721.739014 , sum[0] = 2005.972900 ,sum[1] =1558.762939 
 best = 1551.830200  
 values of rec are 2005.972900 , 1558.762939  best = 3709.056152 
 110 
 0  1  1  2  2  3  3  4  4  5  5  6  6  7  7  8  8  9  9  10  10  11  11  12  12  13  13  14  14  15  15  16  16  17  17  18  18  19  19  20  20  21  21  22  22  23  23  24  24  25  25  26  26  27  27  28  28  29  29  30  30  31  31  32  32  33  33  34  34  35  35  36  36  37  37  38  38  39  39  40  40  41  41  42  42  43  43  44  44  45  45  46  46  47  47  48  48  49  49  50  50  51  51  52  52  53  53  54  54  55  55  56  56  57  57  58  58  59  59  60  60  61  61  62  62  63  63  64  64  65  65  66  66  67  67  68  68  69  69  70  70  71  71  72  72  73  73  74  74  75  75  76  76  77  77  78  78  79  79  80  80  81  81  82  82  83  83  84  84  85  85  86  86  87  87  88  88  89  89  90  90  91  91  92  92  93  93  94  94  95  95  96  96  97  97  98  98  99  99  100  100  101  101  102  102  103  103  104  104  105  105  106  106  107  107  108  108  109 
 a0 = 0, a1 = 54,b0 = 0,b1 = 54
 total = 1654.318115 , sum[0] = 804.299805 ,sum[1] =831.818054 
 
 values of rec are 804.299805 , 831.818054  
 values of rec are 3714.806396 , 1654.318115 
 220 
 194  203  203  193  193  202  202  200  200  201  201  199  199  204  204  206  206  205  205  211  211  210  210  212  212  216  216  217  217  215  215  218  218  219  219  214  214  213  213  209  209  208  208  207  207  198  198  197  197  196  196  195  195  192  192  191  191  190  190  183  183  181  181  180  180  178  178  179  179  177  177  189  189  188  188  186  186  187  187  185  185  184  184  176  176  152  152  90  90  89  89  88  88  57  57  46  46  55  55  54  54  53  53  51  51  2  2  52  52  50  50  47  47  48  48  45  45  49  49  44  44  43  43  42  42  41  41  40  40  39  39  38  38  18  18  17  17  16  16  15  15  14  14  13  13  12  12  11  11  10  10  9  9  8  8  7  7  6  6  5  5  0  0  3  3  1  1  4  4  56  56  58  58  59  59  60  60  61  61  87  87  86  86  63  63  65  65  62  62  64  64  85  85  84  84  67  67  69  69  66  66  68  68  70  70  71  71  37  37  36  36  35  35  32  32  33  33  29  29  31  31  30  30  34  34  72  72  82  82  83  83  117  117  116  116  114  114  115  115  113  113  147  147  150  150  149  149  151  151  148  148  175  175  174  174  182  182  173  173  172  172  171  171  170  170  169  169  168  168  167  167  162  162  161  161  160  160  159  159  158  158  157  157  156  156  155  155  154  154  146  146  153  153  145  145  144  144  143  143  142  142  141  141  140  140  139  139  138  138  137  137  132  132  130  130  129  129  127  127  126  126  125  125  124  124  123  123  122  122  118  118  110  110  120  120  119  119  109  109  121  121  99  99  98  98  96  96  97  97  95  95  108  108  111  111  112  112  92  92  94  94  91  91  93  93  80  80  81  81  79  79  78  78  77  77  76  76  75  75  74  74  73  73  28  28  26  26  27  27  25  25  24  24  23  23  22  22  20  20  21  21  19  19  103  103  101  101  102  102  100  100  106  106  107  107  105  105  128  128  104  104  131  131  133  133  134  134  135  135  165  165  164  164  166  166  136  136  163 
 a0 = 0, a1 = 109,b0 = 0,b1 = 109
 total = 5514.196289 , sum[0] = 3240.447266 ,sum[1] =2252.243164 

 110 
 0  1  1  2  2  3  3  4  4  5  5  6  6  7  7  8  8  9  9  10  10  11  11  12  12  13  13  14  14  15  15  16  16  17  17  18  18  19  19  20  20  21  21  22  22  23  23  24  24  25  25  26  26  27  27  28  28  29  29  30  30  31  31  32  32  33  33  34  34  35  35  36  36  37  37  38  38  39  39  40  40  41  41  42  42  43  43  44  44  45  45  46  46  47  47  48  48  49  49  50  50  51  51  52  52  53  53  54  54  55  55  56  56  58  58  57  57  59  59  60  60  61  61  62  62  63  63  64  64  65  65  66  66  67  67  68  68  69  69  70  70  71  71  72  72  73  73  74  74  75  75  76  76  77  77  78  78  79  79  80  80  81  81  82  82  83  83  84  84  85  85  86  86  87  87  88  88  89  89  90  90  91  91  92  92  93  93  94  94  95  95  96  96  97  97  98  98  99  99  100  100  101  101  102  102  103  103  104  104  105  105  106  106  107  107  108  108  109 
 a0 = 0, a1 = 54,b0 = 0,b1 = 54
 total = 3238.504150 , sum[0] = 2219.885742 ,sum[1] =1005.870850 
 best = 2217.360107  
 values of rec are 2219.885742 , 1005.870850  best = 3234.964600 
 110 
 0  1  1  2  2  3  3  4  4  5  5  6  6  7  7  8  8  9  9  10  10  11  11  12  12  13  13  14  14  15  15  16  16  17  17  18  18  19  19  20  20  21  21  22  22  23  23  24  24  25  25  26  26  27  27  28  28  29  29  30  30  31  31  32  32  33  33  34  34  35  35  36  36  37  37  38  38  39  39  40  40  41  41  42  42  43  43  44  44  45  45  46  46  47  47  48  48  49  49  50  50  51  51  52  52  53  53  54  54  55  55  56  56  57  57  58  58  59  59  60  60  61  61  62  62  63  63  64  64  65  65  66  66  67  67  68  68  69  69  70  70  76  76  75  75  71  71  72  72  73  73  74  74  77  77  78  78  79  79  80  80  81  81  82  82  83  83  84  84  85  85  86  86  87  87  88  88  89  89  90  90  91  91  92  92  93  93  94  94  95  95  96  96  97  97  98  98  99  99  100  100  101  101  102  102  103  103  104  104  105  105  106  106  107  107  108  108  109 
 a0 = 0, a1 = 54,b0 = 0,b1 = 54
 total = 2237.686279 , sum[0] = 1027.371338 ,sum[1] =1200.314941 
 best = 1199.277466  best = 1188.473877  
 values of rec are 1027.371338 , 1200.314941  
 values of rec are 3235.978516 , 2237.686279  
 values of rec are 5382.586914 , 5495.170898 Optimal value = 10952.468750  
 146,144  144,108  108,109  109,112  112,111  111,110  110,74  74,73  73,63  63,27  27,26  26,28  28,29  29,30  30,31  31,32  32,62  62,75  75,76  76,61  61,60  60,59  59,77  77,87  87,86  86,78  78,58  58,57  57,79  79,80  80,81  81,82  82,56  56,55  55,54  54,53  53,51  51,50  50,48  48,47  47,49  49,46  46,45  45,43  43,41  41,40  40,44  44,42  42,39  39,38  38,37  37,36  36,35  35,34  34,33  33,17  17,16  16,15  15,14  14,13  13,12  12,11  11,10  10,9  9,8  8,7  7,6  6,5  5,4  4,1  1,3  3,2  2,52  52,83  83,84  84,85  85,149  149,186  186,226  226,227  227,283  283,228  228,229  229,282  282,281  281,230  230,187  187,188  188,189  189,225  225,231  231,232  232,280  280,285  285,286  286,287  287,340  340,374  374,375  375,381  381,391  391,392  392,399  399,396  396,397  397,398  398,393  393,395  395,394  394,384  384,382  382,383  383,372  372,371  371,373  373,341  341,342  342,343  343,344  344,284  284,439  439,435  435,436  436,437  437,438  438,434  434,403  403,408  408,409  409,411  411,410  410,425  425,426  426,424  424,427  427,430  430,433  433,432  432,422  422,423  423,412  412,413  413,407  407,406  406,414  414,421  421,420  420,419  419,389  389,390  390,380  380,379  379,377  377,376  376,345  345,347  347,346  346,348  348,349  349,350  350,351  351,353  353,354  354,352  352,288  288,289  289,290  290,291  291,292  292,293  293,359  359,357  357,355  355,356  356,358  358,370  370,360  360,361  361,362  362,363  363,364  364,365  365,366  366,367  367,368  368,369  369,378  378,385  385,386  386,387  387,388  388,401  401,400  400,415  415,416  416,431  431,429  429,428  428,418  418,417  417,405  405,404  404,402  402,317  317,318  318,319  319,320  320,321  321,322  322,323  323,324  324,325  325,326  326,327  327,328  328,329  329,331  331,330  330,304  304,305  305,306  306,307  307,308  308,309  309,310  310,311  311,312  312,313  313,314  314,315  315,316  316,254  254,255  255,256  256,257  257,258  258,259  259,260  260,261  261,262  262,263  263,264  264,265  265,266  266,267  267,268  268,269  269,270  270,271  271,272  272,301  301,302  302,303  303,332  332,333  333,334  334,335  335,336  336,337  337,338  338,339  339,294  294,295  295,296  296,297  297,298  298,299  299,300  300,273  273,274  274,275  275,276  276,277  277,278  278,279  279,224  224,223  223,233  233,234  234,235  235,236  236,237  237,238  238,239  239,240  240,241  241,242  242,243  243,244  244,245  245,246  246,247  247,248  248,249  249,252  252,253  253,209  209,251  251,250  250,210  210,211  211,212  212,213  213,214  214,215  215,216  216,217  217,218  218,219  219,220  220,221  221,222  222,193  193,194  194,195  195,196  196,197  197,198  198,199  199,200  200,201  201,202  202,203  203,205  205,206  206,207  207,208  208,171  171,172  172,174  174,173  173,204  204,176  176,175  175,161  161,160  160,162  162,163  163,164  164,165  165,167  167,168  168,170  170,169  169,166  166,133  133,132  132,131  131,130  130,128  128,99  99,125  125,123  123,101  101,100  100,95  95,96  96,98  98,97  97,18  18,19  19,20  20,21  21,22  22,24  24,23  23,25  25,64  64,65  65,66  66,67  67,68  68,69  69,70  70,91  91,90  90,89  89,88  88,72  72,71  71,107  107,106  106,105  105,104  104,102  102,92  92,93  93,94  94,120  120,117  117,115  115,103  103,114  114,113  113,116  116,118  118,119  119,121  121,122  122,124  124,126  126,127  127,129  129,134  134,135  135,136  136,137  137,138  138,139  139,140  140,141  141,142  142,152  152,143  143,150  150,151  151,153  153,154  154,155  155,156  156,157  157,158  158,159  159,177  177,178  178,179  179,180  180,181  181,182  182,183  183,192  192,184  184,191  191,190  190,185  185,145  145,148  148,147  147,146 

______________________________________________________________________________________________________________________




  a0 = 329, a1 = 39,b0 = 303,b1 = 40
 total = 11605.088867 , sum[0] = 6954.667969 ,sum[1] =4622.393066 

 219 
 0  2  2  1  1  3  3  4  4  5  5  6  6  7  7  8  8  9  9  10  10  11  11  12  12  13  13  14  14  15  15  16  16  17  17  18  18  19  19  20  20  21  21  22  22  23  23  24  24  25  25  26  26  27  27  28  28  29  29  30  30  31  31  32  32  33  33  34  34  35  35  36  36  37  37  38  38  39  39  40  40  41  41  42  42  43  43  44  44  45  45  46  46  47  47  48  48  49  49  50  50  51  51  52  52  53  53  54  54  55  55  56  56  57  57  58  58  59  59  60  60  61  61  62  62  63  63  64  64  65  65  66  66  67  67  68  68  69  69  70  70  71  71  72  72  73  73  74  74  75  75  76  76  77  77  78  78  79  79  80  80  81  81  82  82  83  83  84  84  85  85  86  86  87  87  88  88  89  89  90  90  91  91  92  92  93  93  94  94  95  95  96  96  97  97  98  98  99  99  100  100  101  101  102  102  103  103  104  104  105  105  107  107  106  106  108  108  109  109  110  110  111  111  112  112  113  113  114  114  115  115  116  116  117  117  118  118  119  119  120  120  121  121  122  122  123  123  124  124  125  125  126  126  127  127  128  128  129  129  130  130  131  131  132  132  133  133  134  134  135  135  136  136  151  151  150  150  149  149  148  148  147  147  146  146  137  137  138  138  139  139  141  141  140  140  142  142  143  143  144  144  145  145  152  152  153  153  154  154  155  155  156  156  157  157  158  158  159  159  160  160  161  161  162  162  163  163  164  164  165  165  166  166  167  167  168  168  169  169  170  170  171  171  172  172  173  173  174  174  175  175  176  176  177  177  178  178  179  179  180  180  181  181  182  182  183  183  184  184  185  185  186  186  189  189  190  190  191  191  192  192  193  193  194  194  195  195  196  196  197  197  198  198  199  199  200  200  201  201  202  202  203  203  204  204  205  205  206  206  207  207  208  208  209  209  210  210  211  211  212  212  213  213  214  214  215  215  216  216  217  217  187  187  188  188  218 
 a0 = 0, a1 = 108,b0 = 0,b1 = 109
 total = 6889.259766 , sum[0] = 2811.334717 ,sum[1] =4062.925049 

 109 
 0  1  1  2  2  3  3  4  4  5  5  6  6  7  7  8  8  9  9  10  10  11  11  12  12  13  13  14  14  15  15  16  16  17  17  18  18  19  19  20  20  21  21  22  22  23  23  24  24  25  25  26  26  27  27  28  28  29  29  30  30  31  31  32  32  33  33  34  34  35  35  36  36  37  37  38  38  39  39  40  40  41  41  42  42  43  43  44  44  45  45  46  46  47  47  48  48  49  49  50  50  51  51  52  52  53  53  54  54  55  55  56  56  57  57  58  58  59  59  60  60  61  61  62  62  63  63  64  64  65  65  66  66  67  67  68  68  69  69  70  70  71  71  72  72  73  73  74  74  75  75  76  76  77  77  78  78  79  79  80  80  81  81  82  82  83  83  84  84  85  85  86  86  87  87  88  88  89  89  90  90  91  91  92  92  93  93  94  94  95  95  96  96  97  97  98  98  99  99  100  100  101  101  102  102  103  103  104  104  105  105  106  106  107  107  108 
 a0 = 0, a1 = 53,b0 = 0,b1 = 54
 total = 2811.334717 , sum[0] = 784.676575 ,sum[1] =2010.650391 
 
 values of rec are 784.676575 , 2010.650024  best = 2789.119385 
 110 
 0  1  1  2  2  3  3  4  4  5  5  6  6  7  7  8  8  9  9  10  10  11  11  12  12  13  13  14  14  15  15  16  16  17  17  18  18  19  19  20  20  21  21  22  22  23  23  24  24  27  27  26  26  25  25  34  34  35  35  28  28  29  29  30  30  31  31  32  32  33  33  36  36  37  37  38  38  39  39  40  40  41  41  42  42  43  43  44  44  45  45  46  46  47  47  48  48  49  49  50  50  51  51  52  52  53  53  54  54  55  55  56  56  57  57  58  58  59  59  60  60  61  61  62  62  63  63  64  64  65  65  66  66  67  67  68  68  69  69  70  70  71  71  72  72  73  73  74  74  75  75  76  76  77  77  78  78  79  79  80  80  81  81  82  82  83  83  84  84  85  85  86  86  87  87  88  88  89  89  90  90  91  91  92  92  93  93  94  94  95  95  96  96  97  97  98  98  99  99  100  100  101  101  102  102  103  103  104  104  105  105  106  106  107  107  108  108  109 
 a0 = 0, a1 = 54,b0 = 0,b1 = 54
 total = 4051.071045 , sum[0] = 1963.795898 ,sum[1] =2072.275146 
 best = 1941.976685  best = 2058.489014  best = 2014.900635  best = 1982.748657  
 values of rec are 1963.795898 , 2072.275146  best = 3992.821045  best = 3988.529541  
 values of rec are 2811.334717 , 3994.574463 
 220 
 193  192  192  191  191  176  176  175  175  174  174  173  173  172  172  171  171  170  170  168  168  169  169  167  167  195  195  194  194  190  190  197  197  198  198  199  199  200  200  201  201  202  202  203  203  204  204  205  205  206  206  207  207  208  208  209  209  210  210  211  211  212  212  213  213  215  215  216  216  217  217  218  218  219  219  214  214  196  196  183  183  184  184  185  185  186  186  187  187  188  188  189  189  166  166  177  177  178  178  179  179  180  180  181  181  182  182  165  165  149  149  148  148  108  108  110  110  109  109  76  76  107  107  111  111  75  75  77  77  74  74  73  73  71  71  72  72  50  50  52  52  49  49  51  51  53  53  43  43  42  42  2  2  6  6  39  39  41  41  40  40  44  44  54  54  69  69  70  70  79  79  78  78  113  113  106  106  112  112  114  114  115  115  116  116  117  117  118  118  119  119  120  120  139  139  140  140  141  141  142  142  143  143  144  144  145  145  146  146  150  150  147  147  151  151  152  152  153  153  154  154  155  155  156  156  157  157  158  158  159  159  160  160  161  161  162  162  163  163  164  164  123  123  131  131  133  133  134  134  136  136  135  135  138  138  137  137  121  121  122  122  98  98  124  124  125  125  126  126  127  127  129  129  128  128  130  130  132  132  100  100  97  97  99  99  101  101  102  102  103  103  104  104  105  105  82  82  85  85  81  81  84  84  86  86  87  87  83  83  80  80  68  68  67  67  56  56  58  58  55  55  57  57  59  59  65  65  90  90  66  66  89  89  88  88  91  91  92  92  93  93  95  95  96  96  94  94  64  64  62  62  61  61  63  63  60  60  1  1  4  4  3  3  0  0  8  8  5  5  7  7  10  10  9  9  11  11  38  38  37  37  16  16  14  14  12  12  15  15  13  13  17  17  18  18  19  19  20  20  36  36  35  35  34  34  32  32  33  33  31  31  45  45  46  46  30  30  28  28  29  29  27  27  47  47  48  48  26  26  25  25  24  24  23  23  22  22  21 
 a0 = 0, a1 = 109,b0 = 0,b1 = 109
 total = 4570.019531 , sum[0] = 2315.336914 ,sum[1] =2242.182617 

 110 
 0  1  1  2  2  3  3  4  4  5  5  6  6  7  7  8  8  9  9  10  10  11  11  12  12  13  13  14  14  15  15  16  16  17  17  18  18  19  19  20  20  21  21  22  22  23  23  24  24  25  25  26  26  27  27  28  28  29  29  30  30  31  31  32  32  33  33  34  34  35  35  36  36  37  37  38  38  39  39  40  40  41  41  42  42  43  43  44  44  45  45  46  46  47  47  48  48  49  49  50  50  51  51  52  52  53  53  54  54  55  55  56  56  57  57  58  58  59  59  60  60  61  61  62  62  63  63  64  64  65  65  66  66  67  67  69  69  68  68  70  70  71  71  72  72  73  73  74  74  75  75  76  76  77  77  78  78  79  79  80  80  81  81  83  83  82  82  84  84  85  85  87  87  88  88  89  89  86  86  90  90  91  91  92  92  93  93  94  94  95  95  96  96  97  97  98  98  99  99  100  100  101  101  102  102  103  103  104  104  105  105  106  106  107  107  108  108  109 
 a0 = 0, a1 = 54,b0 = 0,b1 = 54
 total = 2293.944580 , sum[0] = 1173.920898 ,sum[1] =1096.974854 
 best = 1157.761475  best = 1093.441772  best = 1091.200317  
 values of rec are 1173.920898 , 1096.974854  best = 2277.785156  best = 2277.490234 
 110 
 0  1  1  2  2  3  3  4  4  5  5  6  6  7  7  8  8  9  9  10  10  11  11  12  12  13  13  14  14  15  15  16  16  17  17  18  18  20  20  19  19  21  21  22  22  23  23  24  24  25  25  26  26  27  27  28  28  29  29  30  30  31  31  32  32  33  33  34  34  35  35  36  36  37  37  38  38  39  39  40  40  41  41  42  42  43  43  44  44  45  45  46  46  47  47  48  48  49  49  50  50  51  51  52  52  53  53  54  54  55  55  56  56  57  57  58  58  59  59  60  60  61  61  62  62  63  63  64  64  65  65  66  66  67  67  68  68  69  69  70  70  71  71  72  72  73  73  74  74  75  75  76  76  77  77  78  78  79  79  80  80  81  81  82  82  83  83  84  84  85  85  86  86  87  87  88  88  89  89  90  90  91  91  92  92  93  93  94  94  95  95  96  96  97  97  98  98  99  99  100  100  101  101  102  102  103  103  104  104  105  105  106  106  107  107  108  108  109 
 a0 = 0, a1 = 54,b0 = 0,b1 = 54
 total = 2240.651855 , sum[0] = 909.281189 ,sum[1] =1318.870605 
 best = 907.144958  best = 900.614441  best = 1311.898193  
 values of rec are 909.281189 , 1318.870483  best = 2216.761230  
 values of rec are 2293.944580 , 2222.540771  
 values of rec are 6834.188477 , 4530.343262 Optimal value = 11391.263672  
 399,392  392,391  391,381  381,375  375,374  374,382  382,383  383,372  372,371  371,373  373,341  341,342  342,343  343,344  344,284  284,283  283,228  228,229  229,282  282,281  281,230  230,187  187,188  188,189  189,225  225,231  231,232  232,280  280,285  285,286  286,287  287,340  340,288  288,289  289,290  290,291  291,292  292,293  293,357  357,359  359,358  358,356  356,355  355,352  352,354  354,353  353,351  351,350  350,347  347,349  349,348  348,346  346,345  345,376  376,377  377,379  379,380  380,390  390,389  389,414  414,421  421,420  420,419  419,415  415,416  416,431  431,429  429,428  428,418  418,417  417,405  405,404  404,402  402,254  254,255  255,246  246,247  247,248  248,249  249,252  252,253  253,209  209,251  251,250  250,210  210,211  211,212  212,213  213,214  214,215  215,216  216,217  217,218  218,219  219,220  220,221  221,222  222,233  233,234  234,235  235,236  236,237  237,238  238,239  239,240  240,241  241,242  242,243  243,244  244,245  245,260  260,261  261,262  262,263  263,264  264,307  307,308  308,309  309,310  310,311  311,312  312,313  313,314  314,259  259,258  258,257  257,256  256,316  316,315  315,317  317,318  318,319  319,320  320,321  321,322  322,323  323,324  324,325  325,326  326,327  327,328  328,329  329,331  331,330  330,304  304,303  303,302  302,301  301,272  272,271  271,270  270,269  269,268  268,267  267,266  266,265  265,306  306,305  305,332  332,333  333,334  334,335  335,336  336,337  337,338  338,339  339,360  360,361  361,362  362,363  363,364  364,365  365,366  366,367  367,368  368,369  369,378  378,385  385,386  386,387  387,388  388,401  401,400  400,370  370,294  294,295  295,296  296,297  297,298  298,299  299,300  300,273  273,274  274,275  275,276  276,277  277,278  278,279  279,224  224,223  223,190  190,185  185,145  145,148  148,147  147,146  146,144  144,111  111,110  110,112  112,109  109,108  108,107  107,106  106,105  105,104  104,114  114,113  113,143  143,152  152,151  151,150  150,153  153,154  154,155  155,156  156,157  157,158  158,159  159,177  177,178  178,179  179,180  180,181  181,182  182,183  183,192  192,184  184,191  191,193  193,194  194,195  195,196  196,197  197,198  198,199  199,200  200,201  201,202  202,203  203,205  205,206  206,207  207,208  208,171  171,172  172,174  174,173  173,204  204,175  175,176  176,160  160,161  161,162  162,163  163,164  164,165  165,167  167,166  166,169  169,170  170,168  168,134  134,135  135,136  136,137  137,138  138,139  139,140  140,141  141,142  142,116  116,118  118,119  119,121  121,122  122,120  120,117  117,115  115,103  103,102  102,92  92,93  93,94  94,100  100,101  101,123  123,125  125,126  126,124  124,127  127,129  129,130  130,131  131,132  132,133  133,128  128,99  99,98  98,97  97,96  96,95  95,18  18,19  19,20  20,21  21,22  22,24  24,23  23,66  66,67  67,68  68,69  69,70  70,91  91,90  90,89  89,88  88,72  72,71  71,65  65,25  25,64  64,74  74,73  73,63  63,29  29,27  27,26  26,28  28,30  30,31  31,32  32,62  62,75  75,76  76,61  61,60  60,59  59,77  77,87  87,86  86,78  78,58  58,57  57,79  79,80  80,81  81,82  82,49  49,46  46,45  45,43  43,41  41,40  40,44  44,42  42,39  39,38  38,37  37,36  36,35  35,34  34,33  33,17  17,16  16,15  15,14  14,13  13,12  12,11  11,10  10,9  9,8  8,7  7,6  6,5  5,4  4,1  1,3  3,2  2,52  52,51  51,50  50,48  48,47  47,56  56,55  55,54  54,53  53,83  83,84  84,85  85,149  149,186  186,226  226,227  227,439  439,435  435,436  436,437  437,438  438,434  434,426  426,403  403,408  408,409  409,411  411,410  410,425  425,424  424,427  427,430  430,433  433,432  432,422  422,423  423,412  412,413  413,407  407,406  406,396  396,397  397,398  398,393  393,395  395,394  394,384  384,399 

___________________________________________________________________________________________________________________________



  a0 = 110, a1 = 4,b0 = 109,b1 = 5
 total = 11361.321289 , sum[0] = 7190.785645 ,sum[1] =4145.958496 

 219 
 0  2  2  3  3  1  1  4  4  5  5  6  6  7  7  8  8  9  9  10  10  11  11  12  12  13  13  14  14  15  15  16  16  17  17  18  18  19  19  20  20  21  21  22  22  23  23  24  24  25  25  26  26  27  27  28  28  29  29  30  30  31  31  32  32  33  33  34  34  35  35  36  36  37  37  38  38  39  39  40  40  41  41  42  42  43  43  44  44  45  45  46  46  47  47  48  48  49  49  50  50  51  51  52  52  53  53  54  54  55  55  56  56  57  57  58  58  59  59  60  60  61  61  62  62  63  63  64  64  65  65  66  66  67  67  68  68  69  69  70  70  71  71  72  72  73  73  74  74  75  75  76  76  77  77  78  78  79  79  80  80  81  81  82  82  83  83  84  84  85  85  86  86  90  90  89  89  88  88  87  87  92  92  91  91  93  93  94  94  95  95  96  96  97  97  98  98  99  99  100  100  101  101  102  102  103  103  104  104  105  105  106  106  107  107  108  108  109  109  110  110  119  119  118  118  117  117  116  116  115  115  113  113  114  114  112  112  111  111  120  120  121  121  122  122  123  123  124  124  125  125  126  126  127  127  128  128  129  129  130  130  131  131  132  132  133  133  134  134  135  135  136  136  137  137  138  138  139  139  140  140  141  141  142  142  143  143  144  144  145  145  146  146  147  147  148  148  149  149  150  150  151  151  153  153  152  152  154  154  155  155  156  156  157  157  158  158  159  159  160  160  161  161  162  162  163  163  164  164  165  165  203  203  202  202  201  201  200  200  199  199  198  198  197  197  196  196  195  195  194  194  193  193  192  192  191  191  190  190  187  187  188  188  189  189  186  186  185  185  184  184  183  183  182  182  181  181  180  180  179  179  178  178  177  177  176  176  175  175  174  174  173  173  172  172  171  171  170  170  169  169  168  168  167  167  166  166  204  204  205  205  206  206  207  207  208  208  209  209  210  210  211  211  212  212  214  214  215  215  216  216  213  213  217  217  218 
 a0 = 0, a1 = 108,b0 = 0,b1 = 109
 total = 6981.110840 , sum[0] = 2456.248779 ,sum[1] =4514.862305 

 109 
 0  1  1  2  2  3  3  4  4  5  5  6  6  7  7  8  8  9  9  10  10  11  11  12  12  13  13  14  14  15  15  16  16  17  17  18  18  19  19  20  20  21  21  22  22  23  23  24  24  25  25  26  26  27  27  28  28  29  29  30  30  31  31  32  32  33  33  34  34  35  35  36  36  37  37  38  38  39  39  40  40  41  41  42  42  43  43  44  44  45  45  46  46  47  47  48  48  49  49  50  50  51  51  52  52  53  53  54  54  55  55  56  56  57  57  58  58  59  59  60  60  61  61  62  62  63  63  64  64  65  65  66  66  67  67  68  68  69  69  70  70  71  71  72  72  73  73  74  74  75  75  76  76  77  77  78  78  79  79  80  80  81  81  82  82  83  83  84  84  85  85  86  86  87  87  88  88  89  89  90  90  91  91  92  92  93  93  94  94  95  95  96  96  97  97  98  98  99  99  100  100  101  101  102  102  103  103  104  104  105  105  106  106  107  107  108 
 a0 = 0, a1 = 53,b0 = 0,b1 = 54
 total = 2456.248779 , sum[0] = 871.019470 ,sum[1] =1575.229248 
 
 values of rec are 871.019470 , 1575.229248 
 110 
 0  1  1  2  2  3  3  4  4  5  5  6  6  7  7  8  8  9  9  10  10  11  11  13  13  12  12  14  14  15  15  16  16  17  17  18  18  19  19  20  20  21  21  22  22  23  23  24  24  25  25  26  26  27  27  28  28  29  29  30  30  31  31  32  32  33  33  34  34  35  35  36  36  37  37  38  38  42  42  41  41  40  40  39  39  43  43  45  45  46  46  47  47  48  48  49  49  50  50  51  51  52  52  53  53  54  54  55  55  56  56  57  57  58  58  59  59  60  60  61  61  62  62  63  63  64  64  65  65  66  66  67  67  68  68  69  69  70  70  71  71  72  72  73  73  74  74  75  75  76  76  77  77  78  78  79  79  80  80  81  81  82  82  83  83  84  84  85  85  86  86  87  87  88  88  89  89  90  90  91  91  92  92  93  93  94  94  96  96  95  95  97  97  98  98  99  99  100  100  101  101  102  102  103  103  104  104  105  105  106  106  107  107  108  108  44  44  109 
 a0 = 0, a1 = 54,b0 = 0,b1 = 54
 total = 4514.862305 , sum[0] = 2164.949707 ,sum[1] =2269.912598 
 best = 2138.027588  
 values of rec are 2148.378418 , 2269.912598  best = 4509.430176  
 values of rec are 2456.248779 , 4514.862305 
 220 
 106  104  104  105  105  103  103  100  100  107  107  111  111  109  109  99  99  113  113  112  112  110  110  108  108  89  89  97  97  94  94  116  116  95  95  119  119  117  117  114  114  118  118  145  145  144  144  128  128  142  142  141  141  140  140  139  139  138  138  137  137  135  135  136  136  134  134  133  133  132  132  131  131  129  129  130  130  115  115  126  126  124  124  127  127  125  125  146  146  155  155  157  157  160  160  159  159  163  163  161  161  162  162  164  164  143  143  168  168  165  165  167  167  169  169  170  170  173  173  171  171  200  200  201  201  202  202  203  203  204  204  205  205  206  206  207  207  208  208  209  209  210  210  211  211  212  212  213  213  214  214  215  215  216  216  217  217  218  218  187  187  219  219  188  188  189  189  191  191  190  190  192  192  193  193  194  194  152  152  166  166  195  195  196  196  197  197  198  198  199  199  172  172  174  174  175  175  176  176  177  177  178  178  179  179  180  180  181  181  182  182  183  183  184  184  185  185  186  186  156  156  158  158  153  153  154  154  151  151  147  147  149  149  148  148  150  150  123  123  122  122  121  121  120  120  92  92  93  93  90  90  88  88  91  91  87  87  96  96  86  86  84  84  85  85  83  83  98  98  101  101  102  102  80  80  82  82  79  79  81  81  73  73  74  74  72  72  68  68  70  70  67  67  69  69  71  71  14  14  16  16  13  13  15  15  17  17  18  18  19  19  21  21  20  20  22  22  25  25  23  23  24  24  27  27  26  26  66  66  31  31  29  29  30  30  28  28  32  32  65  65  64  64  63  63  61  61  62  62  60  60  75  75  76  76  59  59  57  57  58  58  56  56  77  77  78  78  55  55  54  54  53  53  52  52  51  51  50  50  49  49  47  47  48  48  46  46  41  41  45  45  42  42  40  40  43  43  38  38  39  39  44  44  37  37  36  36  35  35  34  34  33  33  12  12  11  11  10  10  9  9  8  8  7  7  6  6  5  5  4  4  3  3  2  2  1  1  0 
 a0 = 0, a1 = 109,b0 = 0,b1 = 109
 total = 4058.090820 , sum[0] = 1832.834229 ,sum[1] =2211.793701 

 110 
 0  1  1  2  2  3  3  4  4  5  5  6  6  7  7  8  8  9  9  10  10  11  11  12  12  13  13  14  14  15  15  16  16  17  17  18  18  19  19  20  20  21  21  39  39  40  40  41  41  42  42  43  43  44  44  22  22  23  23  24  24  25  25  26  26  27  27  28  28  29  29  30  30  31  31  32  32  33  33  34  34  35  35  36  36  37  37  38  38  51  51  52  52  53  53  54  54  55  55  56  56  57  57  58  58  59  59  60  60  61  61  62  62  63  63  64  64  65  65  66  66  67  67  68  68  69  69  70  70  71  71  72  72  73  73  74  74  75  75  76  76  77  77  78  78  79  79  80  80  81  81  82  82  83  83  84  84  85  85  86  86  87  87  88  88  89  89  90  90  91  91  92  92  93  93  94  94  95  95  96  96  97  97  98  98  99  99  100  100  101  101  102  102  103  103  104  104  105  105  106  106  107  107  108  108  45  45  46  46  47  47  48  48  49  49  50  50  109 
 a0 = 0, a1 = 54,b0 = 0,b1 = 54
 total = 1832.834229 , sum[0] = 997.583130 ,sum[1] =795.251099 
 best = 975.946228  best = 953.105469  
 values of rec are 982.052124 , 795.251099  best = 1806.099609  best = 1783.258911 
 110 
 0  1  1  2  2  3  3  4  4  5  5  6  6  7  7  8  8  9  9  10  10  11  11  12  12  13  13  14  14  15  15  16  16  17  17  18  18  19  19  20  20  21  21  22  22  23  23  24  24  25  25  26  26  27  27  28  28  29  29  30  30  31  31  32  32  33  33  34  34  35  35  36  36  37  37  38  38  39  39  40  40  41  41  42  42  43  43  44  44  45  45  46  46  47  47  48  48  49  49  50  50  51  51  52  52  53  53  54  54  55  55  56  56  57  57  58  58  59  59  60  60  61  61  62  62  63  63  64  64  65  65  66  66  67  67  68  68  69  69  70  70  71  71  72  72  73  73  74  74  75  75  76  76  77  77  78  78  79  79  80  80  81  81  82  82  83  83  84  84  85  85  86  86  87  87  88  88  89  89  90  90  91  91  92  92  93  93  94  94  95  95  96  96  97  97  98  98  99  99  100  100  101  101  102  102  103  103  104  104  105  105  106  106  107  107  108  108  109 
 a0 = 0, a1 = 54,b0 = 0,b1 = 54
 total = 2211.793457 , sum[0] = 1178.771973 ,sum[1] =1013.021484 
 
 values of rec are 1178.771973 , 1013.021484  best = 2200.555420  
 values of rec are 1812.205444 , 2211.793457  
 values of rec are 6981.110840 , 4037.593262 Optimal value = 11098.912109  
 424,425  425,410  410,411  411,409  409,408  408,403  403,434  434,438  438,437  437,436  436,435  435,439  439,284  284,344  344,343  343,342  342,341  341,373  373,371  371,372  372,383  383,382  382,384  384,394  394,395  395,393  393,398  398,397  397,396  396,399  399,392  392,391  391,381  381,375  375,374  374,340  340,287  287,286  286,285  285,280  280,232  232,231  231,225  225,188  188,189  189,187  187,230  230,281  281,282  282,229  229,228  228,283  283,227  227,226  226,186  186,149  149,85  85,84  84,83  83,52  52,2  2,3  3,1  1,4  4,5  5,6  6,7  7,8  8,9  9,10  10,11  11,12  12,13  13,14  14,15  15,16  16,17  17,33  33,34  34,35  35,36  36,37  37,38  38,44  44,42  42,39  39,40  40,41  41,43  43,45  45,46  46,49  49,47  47,48  48,50  50,51  51,53  53,54  54,55  55,56  56,82  82,81  81,80  80,79  79,57  57,58  58,78  78,86  86,87  87,77  77,59  59,60  60,61  61,76  76,75  75,62  62,32  32,30  30,31  31,74  74,73  73,63  63,29  29,28  28,27  27,26  26,64  64,25  25,23  23,24  24,22  22,21  21,20  20,19  19,18  18,69  69,68  68,67  67,66  66,65  65,72  72,71  71,70  70,91  91,90  90,89  89,88  88,107  107,106  106,105  105,104  104,102  102,92  92,93  93,94  94,101  101,100  100,95  95,96  96,98  98,97  97,99  99,128  128,130  130,131  131,132  132,133  133,167  167,165  165,164  164,163  163,166  166,169  169,170  170,168  168,171  171,172  172,174  174,173  173,204  204,175  175,176  176,177  177,178  178,179  179,180  180,181  181,182  182,183  183,192  192,184  184,191  191,222  222,233  233,234  234,235  235,236  236,237  237,238  238,239  239,240  240,241  241,242  242,243  243,244  244,245  245,246  246,247  247,248  248,249  249,252  252,253  253,209  209,251  251,250  250,210  210,211  211,212  212,213  213,214  214,215  215,216  216,217  217,218  218,219  219,220  220,221  221,193  193,194  194,195  195,196  196,197  197,198  198,199  199,200  200,201  201,202  202,203  203,205  205,206  206,207  207,208  208,161  161,160  160,159  159,158  158,138  138,139  139,140  140,141  141,142  142,152  152,143  143,150  150,151  151,153  153,154  154,155  155,156  156,157  157,137  137,136  136,135  135,134  134,162  162,129  129,127  127,126  126,124  124,123  123,125  125,122  122,121  121,119  119,118  118,116  116,115  115,117  117,120  120,103  103,114  114,113  113,108  108,109  109,110  110,111  111,112  112,146  146,144  144,147  147,148  148,145  145,185  185,190  190,223  223,224  224,279  279,278  278,277  277,276  276,275  275,274  274,273  273,300  300,299  299,298  298,297  297,296  296,295  295,294  294,339  339,338  338,337  337,336  336,335  335,334  334,333  333,332  332,331  331,329  329,330  330,303  303,302  302,301  301,272  272,271  271,270  270,269  269,268  268,267  267,266  266,265  265,264  264,263  263,262  262,261  261,260  260,259  259,258  258,257  257,256  256,255  255,254  254,316  316,315  315,314  314,313  313,312  312,311  311,310  310,309  309,308  308,307  307,306  306,305  305,304  304,328  328,327  327,326  326,325  325,324  324,323  323,322  322,321  321,320  320,319  319,318  318,317  317,402  402,404  404,405  405,417  417,418  418,428  428,429  429,431  431,416  416,415  415,400  400,401  401,388  388,387  387,386  386,385  385,378  378,369  369,368  368,367  367,366  366,365  365,364  364,363  363,362  362,361  361,360  360,370  370,359  359,358  358,356  356,355  355,353  353,351  351,350  350,352  352,354  354,357  357,293  293,292  292,291  291,290  290,289  289,288  288,347  347,349  349,348  348,346  346,345  345,376  376,377  377,379  379,380  380,390  390,389  389,414  414,421  421,420  420,419  419,406  406,407  407,413  413,412  412,423  423,422  422,432  432,433  433,430  430,427  427,426  426,424





__________________________________________________________________________________________________________________________________







  a0 = 254, a1 = 4,b0 = 255,b1 = 3
 total = 11645.101562 , sum[0] = 7324.788574 ,sum[1] =4286.104980 

 219 
 0  2  2  1  1  3  3  4  4  5  5  6  6  7  7  8  8  9  9  10  10  11  11  12  12  13  13  14  14  15  15  16  16  17  17  18  18  19  19  20  20  21  21  78  78  77  77  79  79  76  76  75  75  74  74  73  73  72  72  71  71  70  70  69  69  68  68  67  67  66  66  65  65  64  64  63  63  62  62  61  61  60  60  59  59  58  58  56  56  57  57  55  55  54  54  53  53  52  52  51  51  50  50  49  49  48  48  47  47  46  46  45  45  44  44  43  43  42  42  41  41  40  40  39  39  38  38  37  37  36  36  35  35  34  34  33  33  32  32  31  31  30  30  29  29  28  28  27  27  26  26  25  25  24  24  23  23  22  22  80  80  81  81  82  82  83  83  84  84  85  85  86  86  97  97  98  98  99  99  100  100  101  101  102  102  103  103  87  87  91  91  92  92  93  93  94  94  95  95  96  96  88  88  89  89  90  90  107  107  106  106  104  104  105  105  109  109  108  108  111  111  110  110  113  113  112  112  115  115  114  114  116  116  117  117  158  158  157  157  156  156  154  154  155  155  153  153  152  152  151  151  150  150  148  148  149  149  147  147  146  146  145  145  164  164  163  163  162  162  161  161  160  160  159  159  121  121  120  120  119  119  118  118  131  131  130  130  132  132  133  133  129  129  127  127  128  128  122  122  123  123  124  124  125  125  126  126  134  134  135  135  136  136  137  137  138  138  139  139  140  140  141  141  142  142  143  143  144  144  165  165  166  166  167  167  168  168  169  169  170  170  171  171  172  172  173  173  174  174  175  175  176  176  177  177  178  178  179  179  180  180  181  181  182  182  183  183  184  184  185  185  186  186  187  187  188  188  189  189  190  190  191  191  192  192  193  193  194  194  195  195  196  196  197  197  198  198  199  199  200  200  201  201  202  202  203  203  204  204  205  205  206  206  207  207  208  208  209  209  210  210  211  211  212  212  213  213  214  214  215  215  216  216  217  217  218 
 a0 = 0, a1 = 108,b0 = 0,b1 = 109
 total = 6965.078125 , sum[0] = 2681.766113 ,sum[1] =4258.312012 

 109 
 0  1  1  2  2  3  3  4  4  5  5  6  6  7  7  8  8  9  9  10  10  11  11  12  12  13  13  14  14  15  15  16  16  17  17  18  18  19  19  20  20  21  21  22  22  24  24  23  23  25  25  26  26  27  27  28  28  29  29  30  30  31  31  32  32  33  33  34  34  35  35  36  36  37  37  38  38  39  39  40  40  41  41  42  42  43  43  44  44  45  45  46  46  47  47  48  48  49  49  50  50  51  51  52  52  53  53  54  54  55  55  56  56  57  57  58  58  59  59  60  60  61  61  62  62  63  63  64  64  65  65  66  66  67  67  68  68  69  69  70  70  71  71  72  72  73  73  74  74  75  75  76  76  77  77  78  78  79  79  80  80  81  81  82  82  83  83  84  84  85  85  86  86  87  87  88  88  89  89  90  90  91  91  92  92  93  93  106  106  107  107  105  105  104  104  103  103  102  102  101  101  100  100  99  99  98  98  97  97  96  96  94  94  95  95  108 
 a0 = 0, a1 = 53,b0 = 0,b1 = 54
 total = 2657.936768 , sum[0] = 1528.729614 ,sum[1] =1079.207153 
 best = 1492.990845  best = 1069.931885  best = 1063.876343  
 values of rec are 1528.729614 , 1079.207031 
 110 
 0  1  1  2  2  3  3  4  4  5  5  6  6  7  7  8  8  9  9  10  10  11  11  12  12  13  13  14  14  16  16  17  17  18  18  19  19  20  20  21  21  22  22  23  23  24  24  25  25  26  26  27  27  28  28  29  29  30  30  31  31  32  32  33  33  34  34  36  36  35  35  38  38  37  37  39  39  40  40  41  41  42  42  43  43  44  44  45  45  46  46  47  47  48  48  49  49  50  50  51  51  52  52  53  53  54  54  55  55  56  56  57  57  58  58  59  59  60  60  61  61  62  62  63  63  64  64  65  65  66  66  67  67  68  68  69  69  70  70  71  71  72  72  73  73  74  74  75  75  76  76  77  77  78  78  79  79  80  80  81  81  82  82  83  83  84  84  85  85  86  86  87  87  88  88  89  89  90  90  91  91  92  92  93  93  94  94  95  95  96  96  97  97  98  98  99  99  100  100  101  101  102  102  103  103  104  104  105  105  106  106  107  107  108  108  15  15  109 
 a0 = 0, a1 = 54,b0 = 0,b1 = 54
 total = 4258.312012 , sum[0] = 2525.486572 ,sum[1] =1592.803223 
 best = 2510.878174  best = 2506.957764  best = 1570.984009  best = 1569.970215  
 values of rec are 2516.310303 , 1592.803223  best = 4231.060547  best = 4227.140137  best = 4222.848633  
 values of rec are 2622.197998 , 4236.492676 
 220 
 208  209  209  210  210  211  211  212  212  213  213  214  214  215  215  216  216  217  217  218  218  219  219  186  186  193  193  194  194  195  195  196  196  197  197  198  198  199  199  200  200  201  201  202  202  203  203  204  204  205  205  206  206  171  171  207  207  172  172  173  173  175  175  174  174  176  176  177  177  178  178  179  179  180  180  181  181  182  182  183  183  184  184  185  185  192  192  191  191  190  190  188  188  189  189  187  187  154  154  156  156  153  153  155  155  152  152  151  151  150  150  149  149  148  148  147  147  146  146  127  127  126  126  125  125  124  124  123  123  122  122  121  121  120  120  119  119  112  112  118  118  111  111  110  110  109  109  108  108  107  107  106  106  105  105  104  104  103  103  98  98  96  96  95  95  93  93  94  94  92  92  71  71  70  70  62  62  65  65  64  64  66  66  68  68  67  67  69  69  97  97  99  99  100  100  101  101  140  140  138  138  135  135  139  139  102  102  134  134  133  133  132  132  130  130  128  128  131  131  129  129  145  145  143  143  144  144  142  142  141  141  137  137  136  136  170  170  169  169  168  168  167  167  166  166  165  165  164  164  163  163  162  162  161  161  160  160  159  159  158  158  157  157  114  114  117  117  115  115  113  113  116  116  84  84  83  83  82  82  81  81  80  80  79  79  78  78  76  76  74  74  77  77  56  56  51  51  50  50  48  48  49  49  6  6  45  45  43  43  46  46  44  44  47  47  57  57  72  72  75  75  63  63  87  87  89  89  90  90  91  91  88  88  86  86  73  73  85  85  58  58  60  60  59  59  61  61  8  8  5  5  7  7  9  9  10  10  11  11  13  13  12  12  14  14  42  42  41  41  19  19  17  17  15  15  18  18  16  16  20  20  21  21  22  22  23  23  40  40  39  39  38  38  36  36  37  37  35  35  52  52  53  53  34  34  32  32  33  33  31  31  54  54  55  55  28  28  25  25  29  29  27  27  30  30  24  24  26  26  2  2  4  4  1  1  3  3  0 
 a0 = 0, a1 = 109,b0 = 0,b1 = 109
 total = 4203.283691 , sum[0] = 1752.892334 ,sum[1] =2417.891357 

 110 
 0  1  1  2  2  3  3  4  4  5  5  6  6  7  7  8  8  9  9  10  10  11  11  12  12  13  13  14  14  15  15  16  16  17  17  18  18  19  19  20  20  21  21  22  22  23  23  24  24  25  25  26  26  27  27  28  28  29  29  30  30  31  31  32  32  33  33  34  34  35  35  36  36  37  37  38  38  39  39  40  40  41  41  42  42  43  43  44  44  45  45  46  46  47  47  48  48  49  49  50  50  51  51  52  52  53  53  54  54  55  55  56  56  57  57  58  58  59  59  60  60  61  61  62  62  63  63  64  64  65  65  66  66  67  67  68  68  69  69  70  70  71  71  72  72  73  73  74  74  75  75  76  76  77  77  78  78  79  79  80  80  81  81  82  82  83  83  84  84  85  85  86  86  87  87  88  88  89  89  90  90  91  91  92  92  93  93  94  94  95  95  96  96  97  97  98  98  103  103  99  99  100  100  101  101  102  102  104  104  105  105  106  106  107  107  108  108  109 
 a0 = 0, a1 = 54,b0 = 0,b1 = 54
 total = 1734.807861 , sum[0] = 823.987000 ,sum[1] =894.813049 
 
 values of rec are 823.987000 , 894.813049 
 110 
 0  1  1  2  2  3  3  4  4  5  5  6  6  7  7  8  8  9  9  10  10  11  11  12  12  13  13  14  14  15  15  16  16  17  17  18  18  19  19  20  20  21  21  22  22  23  23  24  24  25  25  26  26  27  27  28  28  29  29  30  30  31  31  32  32  33  33  34  34  35  35  36  36  50  50  49  49  51  51  52  52  53  53  54  54  55  55  56  56  57  57  58  58  59  59  60  60  61  61  62  62  63  63  41  41  40  40  37  37  38  38  39  39  48  48  47  47  46  46  45  45  44  44  43  43  42  42  64  64  65  65  66  66  67  67  68  68  69  69  70  70  71  71  72  72  73  73  74  74  75  75  76  76  77  77  78  78  79  79  80  80  81  81  82  82  83  83  84  84  85  85  86  86  87  87  88  88  89  89  90  90  91  91  92  92  93  93  94  94  95  95  96  96  97  97  98  98  99  99  100  100  101  101  102  102  103  103  104  104  105  105  106  106  107  107  108  108  109 
 a0 = 0, a1 = 54,b0 = 0,b1 = 54
 total = 2389.594238 , sum[0] = 1038.819214 ,sum[1] =1340.775024 
 best = 1036.682983  best = 1335.366333  
 values of rec are 1038.819214 , 1340.774902  
 values of rec are 1734.807861 , 2387.458008  
 values of rec are 6809.304688 , 4165.029297 Optimal value = 11000.284180  
 290,291  291,292  292,293  293,279  279,278  278,277  277,276  276,275  275,274  274,273  273,300  300,299  299,298  298,297  297,296  296,295  295,294  294,339  339,338  338,337  337,336  336,335  335,334  334,333  333,366  366,365  365,364  364,363  363,362  362,361  361,360  360,370  370,369  369,368  368,367  367,378  378,385  385,386  386,387  387,388  388,401  401,400  400,415  415,416  416,431  431,429  429,428  428,418  418,417  417,405  405,404  404,402  402,317  317,318  318,319  319,320  320,321  321,322  322,323  323,324  324,325  325,326  326,327  327,328  328,329  329,331  331,332  332,330  330,304  304,303  303,302  302,301  301,272  272,271  271,270  270,269  269,305  305,306  306,307  307,308  308,309  309,310  310,311  311,312  312,313  313,314  314,315  315,316  316,254  254,255  255,256  256,257  257,258  258,259  259,260  260,261  261,262  262,263  263,264  264,265  265,266  266,267  267,268  268,237  237,238  238,239  239,240  240,241  241,242  242,243  243,244  244,245  245,246  246,247  247,248  248,249  249,252  252,253  253,209  209,251  251,250  250,210  210,211  211,212  212,213  213,214  214,215  215,216  216,217  217,218  218,219  219,220  220,221  221,236  236,235  235,234  234,233  233,222  222,223  223,224  224,190  190,191  191,184  184,192  192,183  183,182  182,181  181,180  180,179  179,178  178,177  177,159  159,158  158,157  157,156  156,155  155,154  154,153  153,151  151,150  150,143  143,152  152,142  142,141  141,140  140,139  139,138  138,137  137,136  136,135  135,134  134,129  129,127  127,126  126,124  124,125  125,123  123,101  101,100  100,95  95,96  96,98  98,97  97,99  99,128  128,130  130,131  131,132  132,133  133,167  167,166  166,169  169,170  170,168  168,165  165,164  164,163  163,162  162,161  161,160  160,175  175,176  176,204  204,174  174,173  173,172  172,171  171,208  208,207  207,206  206,205  205,203  203,202  202,201  201,200  200,199  199,198  198,197  197,196  196,195  195,194  194,193  193,185  185,145  145,148  148,147  147,144  144,146  146,112  112,111  111,110  110,109  109,108  108,107  107,106  106,105  105,104  104,113  113,114  114,116  116,118  118,119  119,121  121,122  122,120  120,117  117,115  115,103  103,102  102,92  92,93  93,94  94,69  69,70  70,91  91,90  90,71  71,89  89,88  88,72  72,65  65,66  66,67  67,68  68,18  18,19  19,20  20,21  21,22  22,24  24,23  23,25  25,64  64,74  74,73  73,63  63,29  29,27  27,26  26,28  28,30  30,31  31,32  32,62  62,75  75,76  76,61  61,60  60,59  59,77  77,87  87,86  86,78  78,58  58,57  57,79  79,80  80,81  81,82  82,56  56,55  55,54  54,53  53,44  44,42  42,52  52,2  2,3  3,1  1,4  4,5  5,6  6,7  7,8  8,9  9,10  10,11  11,12  12,13  13,14  14,15  15,16  16,17  17,33  33,34  34,35  35,36  36,37  37,38  38,39  39,40  40,41  41,43  43,45  45,46  46,49  49,47  47,48  48,50  50,51  51,83  83,84  84,85  85,149  149,186  186,226  226,227  227,283  283,228  228,229  229,282  282,281  281,230  230,187  187,188  188,189  189,225  225,231  231,232  232,280  280,285  285,286  286,287  287,340  340,374  374,375  375,381  381,391  391,392  392,399  399,396  396,397  397,398  398,393  393,394  394,395  395,384  384,382  382,383  383,372  372,371  371,373  373,341  341,342  342,343  343,344  344,284  284,439  439,435  435,436  436,437  437,438  438,434  434,403  403,408  408,409  409,411  411,410  410,425  425,426  426,424  424,427  427,430  430,433  433,432  432,422  422,423  423,412  412,413  413,407  407,406  406,419  419,420  420,421  421,414  414,389  389,390  390,380  380,379  379,377  377,376  376,352  352,354  354,355  355,356  356,358  358,359  359,357  357,353  353,351  351,350  350,349  349,348  348,346  346,345  345,347  347,288  288,289  289,290 


_______________________________________________________________________________________________________________________-
